jul. 27, 2019 12:13:01 A. M. monitor.GestorDeMonitor dispararTransicion
INFORMACIÓN: 0	DISPARE!		T:2Marcado: {{0.0,85.0,0.0,2.0,1.0,1.0,0.0,2.0,0.0,2.0,0.0,30.0,0.0,0.0,0.0,30.0,1.0,0.0,2.0,0.0,1.0,60.0,1.0,0.0}}	Thread-3	Sensi:{1; 1; 1; 1; 0; 1; 0; 0; 0; 0; 0; 0; 0; 0; 0; 0; 0; 0}	Colas: {0; 0; 0; 0; 0; 0; 0; 0; 0; 1; 0; 0; 0; 1; 0; 0; 0; 0}	m: {0; 0; 0; 0; 0; 0; 0; 0; 0; 0; 0; 0; 0; 0; 0; 0; 0; 0}
jul. 27, 2019 12:13:01 A. M. monitor.GestorDeMonitor dispararTransicion
INFORMACIÓN: 1	DISPARE!		T:1Marcado: {{0.0,84.0,1.0,1.0,1.0,1.0,0.0,2.0,0.0,2.0,0.0,30.0,0.0,0.0,0.0,30.0,1.0,0.0,2.0,0.0,1.0,60.0,1.0,0.0}}	Thread-1	Sensi:{1; 1; 1; 1; 1; 1; 0; 0; 0; 0; 0; 0; 0; 0; 0; 0; 0; 0}	Colas: {0; 0; 0; 0; 0; 0; 0; 0; 0; 1; 0; 0; 0; 1; 0; 0; 0; 0}	m: {0; 0; 0; 0; 0; 0; 0; 0; 0; 0; 0; 0; 0; 0; 0; 0; 0; 0}
jul. 27, 2019 12:13:01 A. M. monitor.GestorDeMonitor dispararTransicion
INFORMACIÓN: 2	DISPARE!		T:3Marcado: {{0.0,83.0,1.0,1.0,1.0,1.0,1.0,1.0,0.0,2.0,0.0,30.0,0.0,0.0,0.0,30.0,1.0,0.0,2.0,0.0,1.0,60.0,1.0,0.0}}	Thread-4	Sensi:{1; 1; 1; 1; 1; 1; 1; 0; 0; 0; 0; 0; 0; 0; 0; 0; 0; 0}	Colas: {0; 0; 0; 0; 0; 0; 0; 0; 0; 1; 0; 0; 0; 1; 0; 0; 0; 0}	m: {0; 0; 0; 0; 0; 0; 0; 0; 0; 0; 0; 0; 0; 0; 0; 0; 0; 0}
jul. 27, 2019 12:13:01 A. M. monitor.GestorDeMonitor dispararTransicion
INFORMACIÓN: 4	DISPARE!		T:9Marcado: {{0.0,83.0,0.0,2.0,1.0,1.0,1.0,1.0,0.0,2.0,0.0,30.0,1.0,0.0,0.0,29.0,0.0,0.0,2.0,0.0,1.0,59.0,1.0,0.0}}	Thread-0	Sensi:{1; 1; 1; 1; 0; 1; 1; 0; 0; 0; 1; 0; 0; 0; 0; 0; 0; 0}	Colas: {0; 0; 0; 0; 0; 0; 0; 0; 0; 0; 0; 0; 0; 1; 0; 0; 0; 0}	m: {0; 0; 0; 0; 0; 0; 0; 0; 0; 0; 0; 0; 0; 0; 0; 0; 0; 0}
jul. 27, 2019 12:13:01 A. M. monitor.GestorDeMonitor dispararTransicion
INFORMACIÓN: 5	DISPARE!		T:6Marcado: {{0.0,83.0,0.0,2.0,1.0,1.0,0.0,2.0,1.0,1.0,0.0,30.0,1.0,0.0,0.0,29.0,0.0,0.0,2.0,0.0,1.0,58.0,1.0,0.0}}	Thread-7	Sensi:{1; 1; 1; 1; 0; 1; 0; 1; 0; 0; 1; 0; 0; 0; 0; 0; 0; 0}	Colas: {0; 0; 0; 0; 0; 0; 0; 0; 0; 0; 0; 0; 0; 1; 0; 0; 0; 0}	m: {0; 0; 0; 0; 0; 0; 0; 0; 0; 0; 0; 0; 0; 0; 0; 0; 0; 0}
jul. 27, 2019 12:13:01 A. M. monitor.GestorDeMonitor dispararTransicion
INFORMACIÓN: 6	DISPARE!		T:7Marcado: {{0.0,83.0,0.0,2.0,1.0,1.0,0.0,2.0,0.0,2.0,1.0,29.0,1.0,0.0,0.0,29.0,0.0,0.0,2.0,0.0,1.0,58.0,1.0,0.0}}	Thread-8	Sensi:{1; 1; 1; 1; 0; 1; 0; 0; 1; 0; 1; 0; 0; 0; 0; 0; 0; 0}	Colas: {0; 0; 0; 0; 0; 0; 0; 0; 0; 0; 0; 0; 0; 1; 0; 0; 0; 0}	m: {0; 0; 0; 0; 0; 0; 0; 0; 0; 0; 0; 0; 0; 0; 0; 0; 0; 0}
jul. 27, 2019 12:13:01 A. M. monitor.GestorDeMonitor dispararTransicion
INFORMACIÓN: 3	DISPARE!		T:4Marcado: {{0.0,83.0,0.0,2.0,1.0,1.0,1.0,1.0,1.0,1.0,0.0,30.0,0.0,0.0,0.0,30.0,1.0,0.0,2.0,0.0,1.0,59.0,1.0,0.0}}	Thread-5	Sensi:{1; 1; 1; 1; 0; 1; 1; 1; 0; 1; 0; 0; 0; 0; 0; 0; 0; 0}	Colas: {0; 0; 0; 0; 0; 0; 0; 0; 0; 1; 0; 0; 0; 1; 0; 0; 0; 0}	m: {0; 0; 0; 0; 0; 0; 0; 0; 0; 1; 0; 0; 0; 0; 0; 0; 0; 0}	Politica: 9
jul. 27, 2019 12:13:01 A. M. monitor.GestorDeMonitor dispararTransicion
INFORMACIÓN: 7	DISPARE!		T:10Marcado: {{0.0,83.0,0.0,2.0,1.0,1.0,0.0,2.0,0.0,2.0,1.0,29.0,0.0,1.0,0.0,29.0,1.0,0.0,2.0,0.0,1.0,58.0,1.0,0.0}}	Thread-9	Sensi:{1; 1; 1; 1; 0; 1; 0; 0; 1; 0; 0; 1; 0; 0; 0; 0; 0; 0}	Colas: {0; 0; 0; 0; 0; 0; 0; 0; 0; 0; 0; 0; 0; 1; 0; 0; 0; 0}	m: {0; 0; 0; 0; 0; 0; 0; 0; 0; 0; 0; 0; 0; 0; 0; 0; 0; 0}
jul. 27, 2019 12:13:01 A. M. monitor.GestorDeMonitor dispararTransicion
INFORMACIÓN: 8	DISPARE!		T:8Marcado: {{0.0,83.0,0.0,2.0,0.0,2.0,0.0,2.0,1.0,1.0,0.0,30.0,0.0,1.0,0.0,29.0,1.0,1.0,1.0,0.0,1.0,58.0,1.0,0.0}}	Thread-12	Sensi:{1; 1; 1; 1; 0; 1; 0; 0; 0; 0; 0; 1; 0; 1; 1; 0; 0; 0}	Colas: {0; 0; 0; 0; 0; 0; 0; 0; 0; 0; 0; 0; 0; 1; 0; 0; 0; 0}	m: {0; 0; 0; 0; 0; 0; 0; 0; 0; 0; 0; 0; 0; 1; 0; 0; 0; 0}	Politica: 13
jul. 27, 2019 12:13:01 A. M. monitor.GestorDeMonitor dispararTransicion
INFORMACIÓN: 9	DISPARE!		T:5Marcado: {{0.0,83.0,0.0,2.0,0.0,2.0,0.0,2.0,1.0,1.0,0.0,30.0,0.0,0.0,1.0,30.0,0.0,1.0,1.0,0.0,1.0,59.0,1.0,0.0}}	Thread-6	Sensi:{1; 1; 1; 1; 0; 0; 0; 1; 0; 1; 0; 1; 0; 1; 1; 0; 0; 0}	Colas: {0; 0; 0; 0; 0; 0; 0; 0; 0; 0; 0; 0; 0; 0; 0; 0; 0; 0}	m: {0; 0; 0; 0; 0; 0; 0; 0; 0; 0; 0; 0; 0; 0; 0; 0; 0; 0}
jul. 27, 2019 12:13:01 A. M. monitor.GestorDeMonitor dispararTransicion
INFORMACIÓN: 10	DISPARE!		T:13Marcado: {{0.0,82.0,0.0,2.0,1.0,1.0,0.0,2.0,1.0,1.0,0.0,30.0,0.0,0.0,1.0,30.0,0.0,0.0,2.0,1.0,0.0,59.0,1.0,0.0}}	Thread-2	Sensi:{1; 1; 1; 1; 0; 0; 0; 1; 0; 0; 0; 0; 1; 0; 0; 1; 0; 0}	Colas: {0; 0; 0; 0; 0; 0; 0; 0; 0; 0; 0; 0; 0; 0; 0; 0; 0; 0}	m: {0; 0; 0; 0; 0; 0; 0; 0; 0; 0; 0; 0; 0; 0; 0; 0; 0; 0}
jul. 27, 2019 12:13:01 A. M. monitor.GestorDeMonitor dispararTransicion
INFORMACIÓN: 11	DISPARE!		T:11Marcado: {{0.0,82.0,0.0,2.0,1.0,1.0,0.0,2.0,1.0,1.0,0.0,30.0,0.0,0.0,1.0,30.0,0.0,0.0,2.0,1.0,0.0,59.0,1.0,0.0}}	Thread-10	Sensi:{1; 1; 1; 1; 0; 0; 0; 1; 0; 0; 0; 0; 1; 0; 0; 1; 0; 0}	Colas: {0; 0; 0; 0; 0; 0; 0; 0; 0; 0; 0; 0; 0; 0; 0; 0; 0; 0}	m: {0; 0; 0; 0; 0; 0; 0; 0; 0; 0; 0; 0; 0; 0; 0; 0; 0; 0}
jul. 27, 2019 12:13:01 A. M. monitor.GestorDeMonitor dispararTransicion
INFORMACIÓN: 12	DISPARE!		T:3Marcado: {{0.0,81.0,0.0,2.0,1.0,1.0,1.0,1.0,1.0,1.0,0.0,30.0,0.0,0.0,1.0,30.0,0.0,0.0,2.0,1.0,0.0,59.0,1.0,0.0}}	Thread-4	Sensi:{1; 1; 1; 1; 0; 1; 1; 1; 0; 0; 0; 0; 1; 0; 0; 1; 0; 0}	Colas: {0; 0; 0; 0; 0; 0; 0; 0; 0; 0; 0; 0; 0; 0; 1; 0; 0; 0}	m: {0; 0; 0; 0; 0; 0; 0; 0; 0; 0; 0; 0; 0; 0; 0; 0; 0; 0}
jul. 27, 2019 12:13:01 A. M. monitor.GestorDeMonitor dispararTransicion
INFORMACIÓN: 13	DISPARE!		T:2Marcado: {{0.0,80.0,1.0,1.0,1.0,1.0,1.0,1.0,1.0,1.0,0.0,30.0,0.0,0.0,0.0,30.0,1.0,1.0,1.0,1.0,0.0,59.0,1.0,0.0}}	Thread-3	Sensi:{1; 1; 1; 1; 1; 1; 1; 1; 0; 0; 0; 0; 1; 0; 0; 1; 0; 0}	Colas: {0; 0; 0; 0; 0; 0; 0; 0; 0; 0; 0; 0; 0; 0; 1; 0; 0; 0}	m: {0; 0; 0; 0; 0; 0; 0; 0; 0; 0; 0; 0; 0; 0; 0; 0; 0; 0}
jul. 27, 2019 12:13:01 A. M. monitor.GestorDeMonitor dispararTransicion
INFORMACIÓN: 14	DISPARE!		T:1Marcado: {{0.0,80.0,1.0,1.0,1.0,1.0,1.0,1.0,1.0,1.0,0.0,30.0,0.0,0.0,0.0,30.0,1.0,1.0,1.0,1.0,0.0,59.0,1.0,0.0}}	Thread-1	Sensi:{1; 1; 1; 1; 1; 1; 1; 1; 0; 0; 0; 0; 1; 0; 0; 1; 0; 0}	Colas: {0; 0; 0; 0; 0; 0; 0; 0; 0; 0; 0; 0; 0; 0; 1; 0; 0; 0}	m: {0; 0; 0; 0; 0; 0; 0; 0; 0; 0; 0; 0; 0; 0; 0; 0; 0; 0}
jul. 27, 2019 12:13:01 A. M. monitor.GestorDeMonitor dispararTransicion
INFORMACIÓN: 15	DISPARE!		T:12Marcado: {{0.0,80.0,1.0,1.0,1.0,1.0,1.0,1.0,1.0,1.0,0.0,30.0,0.0,0.0,0.0,30.0,1.0,1.0,1.0,1.0,0.0,59.0,1.0,0.0}}	Thread-0	Sensi:{1; 1; 1; 1; 1; 1; 1; 1; 0; 1; 0; 0; 0; 0; 0; 1; 0; 0}	Colas: {0; 0; 0; 0; 0; 0; 0; 0; 0; 0; 0; 0; 0; 0; 1; 0; 0; 0}	m: {0; 0; 0; 0; 0; 0; 0; 0; 0; 0; 0; 0; 0; 0; 0; 0; 0; 0}
jul. 27, 2019 12:13:01 A. M. monitor.GestorDeMonitor dispararTransicion
INFORMACIÓN: 16	DISPARE!		T:6Marcado: {{0.0,80.0,0.0,2.0,1.0,1.0,0.0,2.0,2.0,0.0,1.0,29.0,0.0,0.0,0.0,30.0,1.0,1.0,1.0,1.0,0.0,57.0,1.0,0.0}}	Thread-7	Sensi:{1; 1; 1; 1; 0; 0; 0; 1; 1; 1; 0; 0; 0; 0; 0; 1; 0; 0}	Colas: {0; 0; 0; 0; 0; 0; 0; 0; 0; 0; 1; 0; 0; 0; 1; 0; 0; 0}	m: {0; 0; 0; 0; 0; 0; 0; 0; 0; 0; 0; 0; 0; 0; 0; 0; 0; 0}
jul. 27, 2019 12:13:01 A. M. monitor.GestorDeMonitor dispararTransicion
INFORMACIÓN: 17	DISPARE!		T:7Marcado: {{0.0,80.0,0.0,2.0,1.0,1.0,0.0,2.0,2.0,0.0,1.0,29.0,0.0,0.0,0.0,30.0,1.0,1.0,1.0,1.0,0.0,57.0,1.0,0.0}}	Thread-8	Sensi:{1; 1; 1; 1; 1; 1; 0; 1; 1; 1; 0; 0; 0; 0; 0; 1; 0; 0}	Colas: {0; 0; 0; 0; 0; 0; 0; 0; 0; 0; 1; 0; 0; 0; 1; 0; 0; 0}	m: {0; 0; 0; 0; 0; 0; 0; 0; 0; 0; 0; 0; 0; 0; 0; 0; 0; 0}
jul. 27, 2019 12:13:01 A. M. monitor.GestorDeMonitor dispararTransicion
INFORMACIÓN: 19	DISPARE!		T:8Marcado: {{0.0,80.0,0.0,2.0,1.0,1.0,0.0,2.0,2.0,0.0,0.0,30.0,0.0,0.0,0.0,30.0,1.0,2.0,0.0,1.0,0.0,58.0,1.0,0.0}}	Thread-12	Sensi:{1; 1; 1; 1; 0; 0; 0; 1; 0; 1; 0; 0; 0; 0; 0; 1; 0; 0}	Colas: {0; 0; 0; 0; 0; 0; 0; 0; 0; 0; 1; 0; 0; 0; 1; 0; 0; 0}	m: {0; 0; 0; 0; 0; 0; 0; 0; 0; 0; 0; 0; 0; 0; 0; 0; 0; 0}
jul. 27, 2019 12:13:01 A. M. monitor.GestorDeMonitor dispararTransicion
INFORMACIÓN: 18	DISPARE!		T:4Marcado: {{0.0,80.0,0.0,2.0,1.0,1.0,0.0,2.0,2.0,0.0,0.0,30.0,0.0,0.0,0.0,30.0,1.0,2.0,0.0,1.0,0.0,58.0,1.0,0.0}}	Thread-5	Sensi:{1; 1; 1; 1; 0; 0; 0; 1; 1; 1; 0; 0; 0; 0; 0; 1; 0; 0}	Colas: {0; 0; 0; 0; 0; 0; 0; 0; 0; 0; 1; 0; 0; 0; 1; 0; 0; 0}	m: {0; 0; 0; 0; 0; 0; 0; 0; 0; 0; 0; 0; 0; 0; 0; 0; 0; 0}
jul. 27, 2019 12:13:01 A. M. monitor.GestorDeMonitor dispararTransicion
INFORMACIÓN: 20	DISPARE!		T:3Marcado: {{0.0,79.0,0.0,2.0,1.0,1.0,1.0,1.0,2.0,0.0,0.0,30.0,0.0,0.0,0.0,30.0,1.0,2.0,0.0,1.0,0.0,58.0,1.0,0.0}}	Thread-4	Sensi:{1; 1; 1; 1; 0; 0; 0; 1; 0; 1; 0; 0; 0; 0; 0; 1; 0; 0}	Colas: {0; 0; 0; 0; 0; 1; 0; 0; 0; 0; 1; 1; 0; 0; 1; 0; 0; 0}	m: {0; 0; 0; 0; 0; 0; 0; 0; 0; 0; 0; 0; 0; 0; 0; 0; 0; 0}
jul. 27, 2019 12:13:01 A. M. monitor.GestorDeMonitor dispararTransicion
INFORMACIÓN: 21	DISPARE!		T:2Marcado: {{0.0,78.0,0.0,2.0,2.0,0.0,1.0,1.0,1.0,1.0,0.0,30.0,1.0,0.0,0.0,29.0,0.0,2.0,0.0,1.0,0.0,58.0,1.0,0.0}}	Thread-3	Sensi:{1; 1; 0; 1; 0; 0; 0; 1; 0; 1; 0; 0; 0; 0; 0; 1; 0; 0}	Colas: {0; 0; 0; 0; 0; 1; 0; 0; 0; 0; 1; 1; 0; 0; 1; 0; 0; 0}	m: {0; 0; 0; 0; 0; 0; 0; 0; 0; 0; 0; 0; 0; 0; 0; 0; 0; 0}
jul. 27, 2019 12:13:01 A. M. monitor.GestorDeMonitor dispararTransicion
INFORMACIÓN: 22	DISPARE!		T:1Marcado: {{0.0,77.0,1.0,1.0,2.0,0.0,1.0,1.0,1.0,1.0,0.0,30.0,1.0,0.0,0.0,29.0,0.0,2.0,0.0,1.0,0.0,58.0,1.0,0.0}}	Thread-1	Sensi:{1; 1; 0; 1; 1; 1; 1; 1; 0; 0; 1; 0; 0; 0; 0; 1; 0; 0}	Colas: {0; 0; 0; 0; 0; 1; 0; 0; 0; 0; 1; 1; 0; 0; 1; 0; 0; 0}	m: {0; 0; 0; 0; 0; 1; 0; 0; 0; 0; 1; 0; 0; 0; 0; 0; 0; 0}	Politica: 10
jul. 27, 2019 12:13:01 A. M. monitor.GestorDeMonitor dispararTransicion
INFORMACIÓN: 23	DISPARE!		T:10Marcado: {{0.0,77.0,1.0,1.0,2.0,0.0,0.0,2.0,1.0,1.0,1.0,29.0,0.0,1.0,0.0,29.0,1.0,2.0,0.0,1.0,0.0,57.0,1.0,0.0}}	Thread-9	Sensi:{1; 1; 0; 1; 1; 1; 1; 0; 0; 0; 0; 1; 0; 0; 0; 1; 0; 0}	Colas: {0; 0; 0; 0; 0; 1; 0; 0; 1; 0; 0; 1; 0; 0; 1; 0; 0; 0}	m: {0; 0; 0; 0; 0; 1; 0; 0; 0; 0; 0; 1; 0; 0; 0; 0; 0; 0}	Politica: 11
jul. 27, 2019 12:13:01 A. M. monitor.GestorDeMonitor dispararTransicion
INFORMACIÓN: 24	DISPARE!		T:7Marcado: {{0.0,77.0,1.0,1.0,2.0,0.0,0.0,2.0,1.0,1.0,1.0,29.0,0.0,0.0,1.0,30.0,0.0,2.0,0.0,1.0,0.0,58.0,1.0,0.0}}	Thread-8	Sensi:{1; 1; 0; 1; 1; 1; 0; 1; 0; 0; 0; 0; 0; 0; 0; 1; 0; 0}	Colas: {0; 0; 0; 0; 0; 1; 0; 0; 1; 0; 0; 0; 0; 0; 1; 0; 0; 0}	m: {0; 0; 0; 0; 0; 1; 0; 0; 0; 0; 0; 0; 0; 0; 0; 0; 0; 0}	Politica: 5
jul. 27, 2019 12:13:01 A. M. monitor.GestorDeMonitor dispararTransicion
INFORMACIÓN: 26	DISPARE!		T:6Marcado: {{0.0,77.0,1.0,1.0,2.0,0.0,0.0,2.0,1.0,1.0,1.0,29.0,0.0,0.0,1.0,30.0,0.0,2.0,0.0,1.0,0.0,58.0,1.0,0.0}}	Thread-7	Sensi:{1; 1; 0; 1; 1; 1; 0; 1; 0; 1; 0; 1; 0; 0; 0; 1; 0; 0}	Colas: {0; 0; 0; 0; 0; 1; 0; 0; 1; 0; 0; 1; 0; 0; 1; 0; 0; 0}	m: {0; 0; 0; 0; 0; 1; 0; 0; 0; 0; 0; 1; 0; 0; 0; 0; 0; 0}	Politica: 11
jul. 27, 2019 12:13:01 A. M. monitor.GestorDeMonitor dispararTransicion
INFORMACIÓN: 25	DISPARE!		T:9Marcado: {{0.0,77.0,1.0,1.0,2.0,0.0,0.0,2.0,1.0,1.0,1.0,29.0,0.0,0.0,1.0,30.0,0.0,2.0,0.0,1.0,0.0,58.0,1.0,0.0}}	Thread-0	Sensi:{1; 1; 0; 1; 1; 1; 0; 1; 0; 1; 0; 1; 0; 0; 0; 1; 0; 0}	Colas: {0; 0; 0; 0; 0; 1; 0; 0; 1; 0; 0; 1; 0; 0; 1; 0; 0; 0}	m: {0; 0; 0; 0; 0; 1; 0; 0; 0; 0; 0; 1; 0; 0; 0; 0; 0; 0}	Politica: 11
jul. 27, 2019 12:13:01 A. M. monitor.GestorDeMonitor dispararTransicion
INFORMACIÓN: 27	DISPARE!		T:11Marcado: {{0.0,76.0,2.0,0.0,2.0,0.0,0.0,2.0,1.0,1.0,1.0,29.0,0.0,0.0,1.0,30.0,0.0,2.0,0.0,1.0,0.0,58.0,1.0,0.0}}	Thread-10	Sensi:{1; 1; 0; 1; 1; 1; 0; 1; 0; 0; 0; 0; 0; 0; 0; 1; 0; 0}	Colas: {0; 0; 0; 0; 0; 0; 0; 0; 1; 0; 0; 0; 0; 0; 1; 0; 0; 0}	m: {0; 0; 0; 0; 0; 0; 0; 0; 0; 0; 0; 0; 0; 0; 0; 0; 0; 0}
jul. 27, 2019 12:13:01 A. M. monitor.GestorDeMonitor dispararTransicion
INFORMACIÓN: 28	DISPARE!		T:1Marcado: {{0.0,76.0,2.0,0.0,2.0,0.0,0.0,2.0,1.0,1.0,1.0,29.0,0.0,0.0,1.0,30.0,0.0,2.0,0.0,1.0,0.0,58.0,1.0,0.0}}	Thread-1	Sensi:{1; 0; 0; 1; 1; 1; 0; 1; 0; 0; 0; 0; 0; 0; 0; 1; 0; 0}	Colas: {0; 0; 0; 0; 0; 0; 0; 0; 1; 0; 0; 0; 0; 0; 1; 0; 0; 0}	m: {0; 0; 0; 0; 0; 0; 0; 0; 0; 0; 0; 0; 0; 0; 0; 0; 0; 0}
jul. 27, 2019 12:13:01 A. M. monitor.GestorDeMonitor dispararTransicion
INFORMACIÓN: 29	DISPARE!		T:3Marcado: {{0.0,75.0,1.0,1.0,2.0,0.0,1.0,1.0,2.0,0.0,1.0,29.0,0.0,0.0,1.0,30.0,0.0,2.0,0.0,1.0,0.0,57.0,1.0,0.0}}	Thread-4	Sensi:{1; 0; 0; 1; 1; 1; 1; 1; 0; 0; 0; 0; 0; 0; 0; 1; 0; 0}	Colas: {0; 0; 1; 0; 0; 0; 0; 0; 1; 0; 0; 0; 0; 0; 1; 0; 0; 0}	m: {0; 0; 0; 0; 0; 0; 0; 0; 0; 0; 0; 0; 0; 0; 0; 0; 0; 0}
jul. 27, 2019 12:13:01 A. M. monitor.GestorDeMonitor dispararTransicion
INFORMACIÓN: 30	DISPARE!		T:4Marcado: {{0.0,75.0,1.0,1.0,2.0,0.0,1.0,1.0,1.0,1.0,2.0,28.0,0.0,0.0,1.0,30.0,0.0,2.0,0.0,1.0,0.0,57.0,1.0,0.0}}	Thread-5	Sensi:{1; 1; 0; 1; 1; 1; 1; 1; 0; 0; 0; 0; 0; 0; 0; 1; 0; 0}	Colas: {0; 0; 1; 0; 0; 0; 0; 0; 1; 0; 0; 0; 0; 0; 1; 0; 0; 0}	m: {0; 0; 0; 0; 0; 0; 0; 0; 0; 0; 0; 0; 0; 0; 0; 0; 0; 0}
jul. 27, 2019 12:13:01 A. M. monitor.GestorDeMonitor dispararTransicion
INFORMACIÓN: 31	DISPARE!		T:7Marcado: {{0.0,75.0,1.0,1.0,1.0,1.0,1.0,1.0,2.0,0.0,2.0,28.0,0.0,0.0,1.0,30.0,0.0,2.0,0.0,1.0,0.0,56.0,1.0,0.0}}	Thread-8	Sensi:{1; 1; 0; 1; 1; 1; 1; 1; 0; 0; 0; 0; 0; 0; 0; 1; 0; 0}	Colas: {0; 0; 1; 0; 0; 0; 0; 0; 1; 0; 0; 0; 0; 0; 1; 0; 0; 0}	m: {0; 0; 0; 0; 0; 0; 0; 0; 0; 0; 0; 0; 0; 0; 0; 0; 0; 0}
jul. 27, 2019 12:13:01 A. M. monitor.GestorDeMonitor dispararTransicion
INFORMACIÓN: 32	DISPARE!		T:5Marcado: {{0.0,74.0,1.0,1.0,2.0,0.0,1.0,1.0,2.0,0.0,2.0,28.0,0.0,0.0,1.0,30.0,0.0,2.0,0.0,1.0,0.0,56.0,1.0,0.0}}	Thread-6	Sensi:{1; 1; 1; 1; 0; 0; 0; 1; 0; 0; 0; 0; 0; 0; 0; 1; 0; 0}	Colas: {0; 0; 1; 0; 0; 0; 0; 0; 1; 0; 0; 0; 0; 0; 1; 0; 0; 0}	m: {0; 0; 1; 0; 0; 0; 0; 0; 0; 0; 0; 0; 0; 0; 0; 0; 0; 0}	Politica: 2
jul. 27, 2019 12:13:01 A. M. monitor.GestorDeMonitor dispararTransicion
INFORMACIÓN: 33	DISPARE!		T:2Marcado: {{0.0,73.0,1.0,1.0,2.0,0.0,2.0,0.0,2.0,0.0,2.0,28.0,0.0,0.0,1.0,30.0,0.0,2.0,0.0,1.0,0.0,56.0,1.0,0.0}}	Thread-3	Sensi:{1; 1; 0; 1; 0; 0; 0; 1; 0; 0; 0; 0; 0; 0; 0; 1; 0; 0}	Colas: {0; 0; 0; 0; 0; 0; 1; 0; 1; 0; 1; 0; 1; 0; 1; 0; 0; 0}	m: {0; 0; 0; 0; 0; 0; 0; 0; 0; 0; 0; 0; 0; 0; 0; 0; 0; 0}
jul. 27, 2019 12:13:01 A. M. monitor.GestorDeMonitor dispararTransicion
INFORMACIÓN: 34	DISPARE!		T:1Marcado: {{0.0,72.0,2.0,0.0,2.0,0.0,2.0,0.0,2.0,0.0,2.0,28.0,0.0,0.0,1.0,30.0,0.0,2.0,0.0,1.0,0.0,56.0,1.0,0.0}}	Thread-1	Sensi:{1; 0; 0; 0; 0; 0; 0; 1; 0; 0; 0; 0; 0; 0; 0; 1; 0; 0}	Colas: {0; 0; 0; 0; 0; 0; 1; 0; 1; 0; 1; 1; 1; 0; 1; 0; 0; 0}	m: {0; 0; 0; 0; 0; 0; 0; 0; 0; 0; 0; 0; 0; 0; 0; 0; 0; 0}
jul. 27, 2019 12:13:01 A. M. monitor.GestorDeMonitor dispararTransicion
INFORMACIÓN: 35	DISPARE!		T:3Marcado: {{0.0,72.0,2.0,0.0,2.0,0.0,2.0,0.0,1.0,1.0,3.0,27.0,0.0,0.0,1.0,30.0,0.0,2.0,0.0,1.0,0.0,56.0,1.0,0.0}}	Thread-4	Sensi:{1; 0; 0; 0; 1; 1; 1; 1; 0; 0; 0; 0; 0; 0; 0; 1; 0; 0}	Colas: {0; 0; 1; 0; 0; 1; 1; 0; 1; 0; 1; 1; 1; 0; 1; 0; 0; 0}	m: {0; 0; 0; 0; 0; 1; 1; 0; 0; 0; 0; 0; 0; 0; 0; 0; 0; 0}	Politica: 5
jul. 27, 2019 12:13:01 A. M. monitor.GestorDeMonitor dispararTransicion
INFORMACIÓN: 36	DISPARE!		T:7Marcado: {{0.0,72.0,1.0,1.0,2.0,0.0,2.0,0.0,2.0,0.0,3.0,27.0,0.0,0.0,1.0,30.0,0.0,2.0,0.0,1.0,0.0,55.0,1.0,0.0}}	Thread-8	Sensi:{1; 0; 0; 0; 1; 1; 1; 1; 0; 0; 0; 0; 0; 0; 0; 1; 0; 0}	Colas: {0; 0; 1; 0; 0; 0; 1; 0; 1; 0; 1; 1; 1; 0; 1; 0; 0; 0}	m: {0; 0; 0; 0; 0; 0; 1; 0; 0; 0; 0; 0; 0; 0; 0; 0; 0; 0}	Politica: 6
jul. 27, 2019 12:13:01 A. M. monitor.GestorDeMonitor dispararTransicion
INFORMACIÓN: 37	DISPARE!		T:4Marcado: {{0.0,72.0,1.0,1.0,2.0,0.0,2.0,0.0,2.0,0.0,3.0,27.0,0.0,0.0,1.0,30.0,0.0,2.0,0.0,1.0,0.0,55.0,1.0,0.0}}	Thread-5	Sensi:{1; 1; 0; 0; 0; 0; 0; 1; 0; 0; 0; 0; 0; 0; 0; 1; 0; 0}	Colas: {0; 0; 1; 0; 0; 0; 0; 0; 1; 0; 1; 1; 1; 0; 1; 0; 0; 0}	m: {0; 0; 0; 0; 0; 0; 0; 0; 0; 0; 0; 0; 0; 0; 0; 0; 0; 0}
jul. 27, 2019 12:13:01 A. M. monitor.GestorDeMonitor dispararTransicion
INFORMACIÓN: 38	DISPARE!		T:7Marcado: {{0.0,72.0,1.0,1.0,2.0,0.0,2.0,0.0,1.0,1.0,4.0,26.0,0.0,0.0,1.0,30.0,0.0,2.0,0.0,1.0,0.0,55.0,1.0,0.0}}	Thread-8	Sensi:{1; 1; 0; 0; 1; 1; 1; 1; 0; 0; 0; 0; 0; 0; 0; 1; 0; 0}	Colas: {0; 0; 1; 0; 1; 0; 0; 0; 1; 0; 1; 1; 1; 0; 1; 0; 0; 0}	m: {0; 0; 0; 0; 1; 0; 0; 0; 0; 0; 0; 0; 0; 0; 0; 0; 0; 0}	Politica: 4
jul. 27, 2019 12:13:01 A. M. monitor.GestorDeMonitor dispararTransicion
INFORMACIÓN: 39	DISPARE!		T:6Marcado: {{0.0,70.0,2.0,0.0,2.0,0.0,2.0,0.0,2.0,0.0,4.0,26.0,0.0,0.0,1.0,30.0,0.0,2.0,0.0,1.0,0.0,54.0,1.0,0.0}}	Thread-7	Sensi:{1; 1; 0; 1; 0; 0; 0; 1; 0; 0; 0; 0; 0; 0; 0; 1; 0; 0}	Colas: {0; 0; 1; 1; 0; 0; 0; 0; 1; 0; 1; 1; 1; 0; 1; 0; 0; 0}	m: {0; 0; 0; 1; 0; 0; 0; 0; 0; 0; 0; 0; 0; 0; 0; 0; 0; 0}	Politica: 3
jul. 27, 2019 12:13:01 A. M. monitor.GestorDeMonitor dispararTransicion
INFORMACIÓN: 41	DISPARE!		T:3Marcado: {{0.0,70.0,2.0,0.0,2.0,0.0,2.0,0.0,2.0,0.0,4.0,26.0,0.0,0.0,1.0,30.0,0.0,2.0,0.0,1.0,0.0,54.0,1.0,0.0}}	Thread-4	Sensi:{1; 0; 0; 0; 0; 0; 0; 1; 0; 0; 0; 0; 0; 0; 0; 1; 0; 0}	Colas: {0; 0; 1; 0; 0; 1; 0; 0; 1; 0; 1; 1; 1; 0; 1; 0; 0; 0}	m: {0; 0; 0; 0; 0; 0; 0; 0; 0; 0; 0; 0; 0; 0; 0; 0; 0; 0}
jul. 27, 2019 12:13:01 A. M. monitor.GestorDeMonitor dispararTransicion
INFORMACIÓN: 40	DISPARE!		T:1Marcado: {{0.0,70.0,2.0,0.0,2.0,0.0,2.0,0.0,2.0,0.0,4.0,26.0,0.0,0.0,1.0,30.0,0.0,2.0,0.0,1.0,0.0,54.0,1.0,0.0}}	Thread-1	Sensi:{1; 0; 0; 1; 0; 0; 0; 1; 0; 0; 0; 0; 0; 0; 0; 1; 0; 0}	Colas: {0; 0; 1; 1; 0; 1; 0; 0; 1; 0; 1; 1; 1; 0; 1; 0; 0; 0}	m: {0; 0; 0; 1; 0; 0; 0; 0; 0; 0; 0; 0; 0; 0; 0; 0; 0; 0}	Politica: 3
jul. 27, 2019 12:13:01 A. M. monitor.GestorDeMonitor dispararTransicion
INFORMACIÓN: 42	DISPARE!		T:7Marcado: {{0.0,70.0,2.0,0.0,2.0,0.0,2.0,0.0,1.0,1.0,5.0,25.0,0.0,0.0,1.0,30.0,0.0,2.0,0.0,1.0,0.0,54.0,1.0,0.0}}	Thread-8	Sensi:{1; 0; 0; 0; 1; 1; 1; 1; 0; 0; 0; 0; 0; 0; 0; 1; 0; 0}	Colas: {0; 1; 1; 1; 1; 1; 1; 0; 1; 0; 1; 1; 1; 0; 1; 0; 0; 0}	m: {0; 0; 0; 0; 1; 1; 1; 0; 0; 0; 0; 0; 0; 0; 0; 0; 0; 0}	Politica: 4
jul. 27, 2019 12:13:01 A. M. monitor.GestorDeMonitor dispararTransicion
INFORMACIÓN: 43	DISPARE!		T:1Marcado: {{0.0,69.0,2.0,0.0,2.0,0.0,2.0,0.0,2.0,0.0,5.0,25.0,0.0,0.0,1.0,30.0,0.0,2.0,0.0,1.0,0.0,53.0,1.0,0.0}}	Thread-1	Sensi:{1; 0; 0; 0; 0; 0; 0; 1; 0; 0; 0; 0; 0; 0; 0; 1; 0; 0}	Colas: {0; 0; 1; 1; 0; 1; 1; 0; 1; 0; 1; 1; 1; 0; 1; 0; 0; 0}	m: {0; 0; 0; 0; 0; 0; 0; 0; 0; 0; 0; 0; 0; 0; 0; 0; 0; 0}
jul. 27, 2019 12:13:01 A. M. monitor.GestorDeMonitor dispararTransicion
INFORMACIÓN: 44	DISPARE!		T:4Marcado: {{0.0,69.0,2.0,0.0,2.0,0.0,2.0,0.0,2.0,0.0,5.0,25.0,0.0,0.0,1.0,30.0,0.0,2.0,0.0,1.0,0.0,53.0,1.0,0.0}}	Thread-5	Sensi:{1; 1; 0; 0; 0; 0; 0; 1; 0; 0; 0; 0; 0; 0; 0; 1; 0; 0}	Colas: {0; 1; 1; 1; 0; 1; 1; 0; 1; 0; 1; 1; 1; 0; 1; 0; 0; 0}	m: {0; 1; 0; 0; 0; 0; 0; 0; 0; 0; 0; 0; 0; 0; 0; 0; 0; 0}	Politica: 1
jul. 27, 2019 12:13:01 A. M. monitor.GestorDeMonitor dispararTransicion
INFORMACIÓN: 45	DISPARE!		T:4Marcado: {{0.0,68.0,2.0,0.0,2.0,0.0,2.0,0.0,2.0,0.0,6.0,24.0,0.0,0.0,1.0,30.0,0.0,2.0,0.0,1.0,0.0,52.0,1.0,0.0}}	Thread-5	Sensi:{1; 1; 0; 0; 0; 0; 0; 1; 0; 0; 0; 0; 0; 0; 0; 1; 0; 0}	Colas: {0; 0; 1; 1; 0; 1; 1; 0; 1; 0; 1; 1; 1; 0; 1; 0; 0; 0}	m: {0; 0; 0; 0; 0; 0; 0; 0; 0; 0; 0; 0; 0; 0; 0; 0; 0; 0}
jul. 27, 2019 12:13:01 A. M. monitor.GestorDeMonitor dispararTransicion
INFORMACIÓN: 46	DISPARE!		T:7Marcado: {{0.0,68.0,2.0,0.0,2.0,0.0,2.0,0.0,2.0,0.0,6.0,24.0,0.0,0.0,1.0,30.0,0.0,2.0,0.0,1.0,0.0,52.0,1.0,0.0}}	Thread-8	Sensi:{1; 0; 0; 0; 0; 0; 0; 1; 0; 0; 0; 0; 0; 0; 0; 1; 0; 0}	Colas: {0; 0; 1; 1; 0; 1; 1; 0; 1; 0; 1; 1; 1; 0; 1; 0; 0; 0}	m: {0; 0; 0; 0; 0; 0; 0; 0; 0; 0; 0; 0; 0; 0; 0; 0; 0; 0}
jul. 27, 2019 12:13:01 A. M. monitor.GestorDeMonitor dispararTransicion
INFORMACIÓN: 47	DISPARE!		T:1Marcado: {{0.0,68.0,2.0,0.0,2.0,0.0,2.0,0.0,2.0,0.0,6.0,24.0,0.0,0.0,1.0,30.0,0.0,2.0,0.0,1.0,0.0,52.0,1.0,0.0}}	Thread-1	Sensi:{1; 0; 0; 0; 0; 0; 0; 1; 0; 0; 0; 0; 0; 0; 0; 1; 0; 0}	Colas: {0; 0; 1; 1; 0; 1; 1; 0; 1; 0; 1; 1; 1; 0; 1; 0; 0; 0}	m: {0; 0; 0; 0; 0; 0; 0; 0; 0; 0; 0; 0; 0; 0; 0; 0; 0; 0}
jul. 27, 2019 12:13:01 A. M. monitor.GestorDeMonitor dispararTransicion
INFORMACIÓN: 50	DISPARE!		T:1Marcado: {{0.0,67.0,2.0,0.0,2.0,0.0,2.0,0.0,2.0,0.0,7.0,23.0,0.0,0.0,1.0,30.0,0.0,2.0,0.0,1.0,0.0,51.0,1.0,0.0}}	Thread-1	Sensi:{1; 0; 0; 0; 0; 0; 0; 1; 0; 0; 0; 0; 0; 0; 0; 1; 0; 0}	Colas: {0; 0; 1; 1; 0; 1; 1; 0; 1; 0; 1; 1; 1; 0; 1; 0; 0; 0}	m: {0; 0; 0; 0; 0; 0; 0; 0; 0; 0; 0; 0; 0; 0; 0; 0; 0; 0}
jul. 27, 2019 12:13:01 A. M. monitor.GestorDeMonitor dispararTransicion
INFORMACIÓN: 48	DISPARE!		T:7Marcado: {{0.0,68.0,2.0,0.0,2.0,0.0,2.0,0.0,1.0,1.0,7.0,23.0,0.0,0.0,1.0,30.0,0.0,2.0,0.0,1.0,0.0,52.0,1.0,0.0}}	Thread-8	Sensi:{1; 0; 0; 0; 1; 1; 1; 1; 0; 0; 0; 0; 0; 0; 0; 1; 0; 0}	Colas: {0; 1; 1; 1; 1; 1; 1; 0; 1; 0; 1; 1; 1; 0; 1; 0; 0; 0}	m: {0; 0; 0; 0; 1; 1; 1; 0; 0; 0; 0; 0; 0; 0; 0; 0; 0; 0}	Politica: 4
jul. 27, 2019 12:13:01 A. M. monitor.GestorDeMonitor dispararTransicion
INFORMACIÓN: 49	DISPARE!		T:4Marcado: {{0.0,68.0,1.0,1.0,2.0,0.0,2.0,0.0,2.0,0.0,7.0,23.0,0.0,0.0,1.0,30.0,0.0,2.0,0.0,1.0,0.0,51.0,1.0,0.0}}	Thread-5	Sensi:{1; 1; 0; 0; 0; 0; 0; 1; 0; 0; 0; 0; 0; 0; 0; 1; 0; 0}	Colas: {0; 1; 1; 1; 0; 1; 1; 0; 1; 0; 1; 1; 1; 0; 1; 0; 0; 0}	m: {0; 1; 0; 0; 0; 0; 0; 0; 0; 0; 0; 0; 0; 0; 0; 0; 0; 0}	Politica: 1
jul. 27, 2019 12:13:01 A. M. monitor.GestorDeMonitor dispararTransicion
INFORMACIÓN: 51	DISPARE!		T:7Marcado: {{0.0,67.0,1.0,1.0,2.0,0.0,2.0,0.0,2.0,0.0,8.0,22.0,0.0,0.0,1.0,30.0,0.0,2.0,0.0,1.0,0.0,50.0,1.0,0.0}}	Thread-8	Sensi:{1; 0; 0; 0; 1; 1; 1; 1; 0; 0; 0; 0; 0; 0; 0; 1; 0; 0}	Colas: {0; 1; 1; 1; 0; 1; 1; 0; 1; 0; 1; 1; 1; 0; 1; 0; 0; 0}	m: {0; 0; 0; 0; 0; 1; 1; 0; 0; 0; 0; 0; 0; 0; 0; 0; 0; 0}	Politica: 5
jul. 27, 2019 12:13:01 A. M. monitor.GestorDeMonitor dispararTransicion
INFORMACIÓN: 53	DISPARE!		T:1Marcado: {{0.0,66.0,2.0,0.0,2.0,0.0,2.0,0.0,2.0,0.0,8.0,22.0,0.0,0.0,1.0,30.0,0.0,2.0,0.0,1.0,0.0,50.0,1.0,0.0}}	Thread-1	Sensi:{1; 0; 0; 0; 0; 0; 0; 1; 0; 0; 0; 0; 0; 0; 0; 1; 0; 0}	Colas: {0; 0; 1; 1; 0; 0; 1; 0; 1; 0; 1; 1; 1; 0; 1; 0; 0; 0}	m: {0; 0; 0; 0; 0; 0; 0; 0; 0; 0; 0; 0; 0; 0; 0; 0; 0; 0}
jul. 27, 2019 12:13:01 A. M. monitor.GestorDeMonitor dispararTransicion
INFORMACIÓN: 52	DISPARE!		T:4Marcado: {{0.0,67.0,1.0,1.0,2.0,0.0,2.0,0.0,2.0,0.0,8.0,22.0,0.0,0.0,1.0,30.0,0.0,2.0,0.0,1.0,0.0,50.0,1.0,0.0}}	Thread-5	Sensi:{1; 1; 0; 0; 0; 0; 0; 1; 0; 0; 0; 0; 0; 0; 0; 1; 0; 0}	Colas: {0; 1; 1; 1; 0; 0; 1; 0; 1; 0; 1; 1; 1; 0; 1; 0; 0; 0}	m: {0; 1; 0; 0; 0; 0; 0; 0; 0; 0; 0; 0; 0; 0; 0; 0; 0; 0}	Politica: 1
jul. 27, 2019 12:13:01 A. M. monitor.GestorDeMonitor dispararTransicion
INFORMACIÓN: 54	DISPARE!		T:7Marcado: {{0.0,66.0,2.0,0.0,1.0,1.0,2.0,0.0,2.0,0.0,9.0,21.0,0.0,0.0,1.0,30.0,0.0,2.0,0.0,1.0,0.0,49.0,1.0,0.0}}	Thread-8	Sensi:{1; 0; 0; 0; 1; 1; 1; 1; 0; 0; 0; 0; 0; 0; 0; 1; 0; 0}	Colas: {0; 0; 1; 1; 0; 0; 1; 0; 1; 0; 1; 1; 1; 0; 1; 0; 0; 0}	m: {0; 0; 0; 0; 0; 0; 1; 0; 0; 0; 0; 0; 0; 0; 0; 0; 0; 0}	Politica: 6
jul. 27, 2019 12:13:01 A. M. monitor.GestorDeMonitor dispararTransicion
INFORMACIÓN: 55	DISPARE!		T:5Marcado: {{0.0,66.0,2.0,0.0,1.0,1.0,2.0,0.0,1.0,1.0,10.0,20.0,0.0,0.0,1.0,30.0,0.0,2.0,0.0,1.0,0.0,49.0,1.0,0.0}}	Thread-6	Sensi:{1; 0; 1; 0; 0; 0; 0; 1; 0; 0; 0; 0; 0; 0; 0; 1; 0; 0}	Colas: {0; 0; 1; 1; 0; 0; 0; 0; 1; 0; 1; 1; 1; 0; 1; 0; 0; 0}	m: {0; 0; 1; 0; 0; 0; 0; 0; 0; 0; 0; 0; 0; 0; 0; 0; 0; 0}	Politica: 2
jul. 27, 2019 12:13:01 A. M. monitor.GestorDeMonitor dispararTransicion
INFORMACIÓN: 56	DISPARE!		T:6Marcado: {{0.0,66.0,2.0,0.0,1.0,1.0,1.0,1.0,2.0,0.0,10.0,20.0,0.0,0.0,1.0,30.0,0.0,2.0,0.0,1.0,0.0,48.0,1.0,0.0}}	Thread-7	Sensi:{1; 0; 1; 1; 0; 0; 0; 1; 0; 0; 0; 0; 0; 0; 0; 1; 0; 0}	Colas: {0; 0; 0; 1; 0; 0; 0; 0; 1; 0; 1; 1; 1; 0; 1; 0; 0; 0}	m: {0; 0; 0; 1; 0; 0; 0; 0; 0; 0; 0; 0; 0; 0; 0; 0; 0; 0}	Politica: 3
jul. 27, 2019 12:13:01 A. M. monitor.GestorDeMonitor dispararTransicion
INFORMACIÓN: 57	DISPARE!		T:7Marcado: {{0.0,65.0,2.0,0.0,1.0,1.0,2.0,0.0,2.0,0.0,10.0,20.0,0.0,0.0,1.0,30.0,0.0,2.0,0.0,1.0,0.0,48.0,1.0,0.0}}	Thread-8	Sensi:{1; 0; 1; 0; 0; 0; 0; 1; 0; 0; 0; 0; 0; 0; 0; 1; 0; 0}	Colas: {0; 0; 0; 0; 1; 0; 0; 0; 1; 0; 1; 1; 1; 0; 1; 0; 0; 0}	m: {0; 0; 0; 0; 0; 0; 0; 0; 0; 0; 0; 0; 0; 0; 0; 0; 0; 0}
jul. 27, 2019 12:13:01 A. M. monitor.GestorDeMonitor dispararTransicion
INFORMACIÓN: 58	DISPARE!		T:3Marcado: {{0.0,65.0,2.0,0.0,1.0,1.0,2.0,0.0,2.0,0.0,10.0,20.0,0.0,0.0,1.0,30.0,0.0,2.0,0.0,1.0,0.0,48.0,1.0,0.0}}	Thread-4	Sensi:{1; 0; 1; 0; 0; 0; 0; 1; 0; 0; 0; 0; 0; 0; 0; 1; 0; 0}	Colas: {0; 1; 0; 0; 1; 0; 0; 0; 1; 0; 1; 1; 1; 0; 1; 0; 0; 0}	m: {0; 0; 0; 0; 0; 0; 0; 0; 0; 0; 0; 0; 0; 0; 0; 0; 0; 0}
jul. 27, 2019 12:13:01 A. M. monitor.GestorDeMonitor dispararTransicion
INFORMACIÓN: 59	DISPARE!		T:7Marcado: {{0.0,65.0,2.0,0.0,1.0,1.0,1.0,1.0,2.0,0.0,11.0,19.0,0.0,0.0,1.0,30.0,0.0,2.0,0.0,1.0,0.0,47.0,1.0,0.0}}	Thread-8	Sensi:{1; 0; 1; 0; 1; 1; 1; 1; 0; 0; 0; 0; 0; 0; 0; 1; 0; 0}	Colas: {0; 1; 0; 1; 1; 0; 0; 0; 1; 0; 1; 1; 1; 0; 1; 0; 0; 0}	m: {0; 0; 0; 0; 1; 0; 0; 0; 0; 0; 0; 0; 0; 0; 0; 0; 0; 0}	Politica: 4
jul. 27, 2019 12:13:01 A. M. monitor.GestorDeMonitor dispararTransicion
INFORMACIÓN: 61	DISPARE!		T:2Marcado: {{0.0,64.0,2.0,0.0,2.0,0.0,1.0,1.0,2.0,0.0,11.0,19.0,0.0,0.0,1.0,30.0,0.0,2.0,0.0,1.0,0.0,47.0,1.0,0.0}}	Thread-3	Sensi:{1; 0; 0; 1; 0; 0; 0; 1; 0; 0; 0; 0; 0; 0; 0; 1; 0; 0}	Colas: {0; 1; 0; 0; 0; 1; 0; 0; 1; 0; 1; 1; 1; 0; 1; 0; 0; 0}	m: {0; 0; 0; 0; 0; 0; 0; 0; 0; 0; 0; 0; 0; 0; 0; 0; 0; 0}
jul. 27, 2019 12:13:01 A. M. monitor.GestorDeMonitor dispararTransicion
INFORMACIÓN: 62	DISPARE!		T:3Marcado: {{0.0,63.0,2.0,0.0,2.0,0.0,2.0,0.0,2.0,0.0,11.0,19.0,0.0,0.0,1.0,30.0,0.0,2.0,0.0,1.0,0.0,47.0,1.0,0.0}}	Thread-4	Sensi:{1; 0; 0; 0; 0; 0; 0; 1; 0; 0; 0; 0; 0; 0; 0; 1; 0; 0}	Colas: {0; 1; 0; 0; 0; 1; 0; 0; 1; 0; 1; 1; 1; 0; 1; 0; 0; 0}	m: {0; 0; 0; 0; 0; 0; 0; 0; 0; 0; 0; 0; 0; 0; 0; 0; 0; 0}
jul. 27, 2019 12:13:01 A. M. monitor.GestorDeMonitor dispararTransicion
INFORMACIÓN: 63	DISPARE!		T:4Marcado: {{0.0,63.0,1.0,1.0,2.0,0.0,2.0,0.0,2.0,0.0,12.0,18.0,0.0,0.0,1.0,30.0,0.0,2.0,0.0,1.0,0.0,46.0,1.0,0.0}}	Thread-5	Sensi:{1; 1; 0; 0; 0; 0; 0; 1; 0; 0; 0; 0; 0; 0; 0; 1; 0; 0}	Colas: {0; 1; 0; 1; 0; 1; 0; 0; 1; 0; 1; 1; 1; 0; 1; 0; 0; 0}	m: {0; 1; 0; 0; 0; 0; 0; 0; 0; 0; 0; 0; 0; 0; 0; 0; 0; 0}	Politica: 1
jul. 27, 2019 12:13:01 A. M. monitor.GestorDeMonitor dispararTransicion
INFORMACIÓN: 60	DISPARE!		T:6Marcado: {{0.0,64.0,2.0,0.0,2.0,0.0,1.0,1.0,2.0,0.0,11.0,19.0,0.0,0.0,1.0,30.0,0.0,2.0,0.0,1.0,0.0,47.0,1.0,0.0}}	Thread-7	Sensi:{1; 0; 1; 1; 0; 0; 0; 1; 0; 0; 0; 0; 0; 0; 0; 1; 0; 0}	Colas: {0; 1; 0; 1; 0; 0; 0; 0; 1; 0; 1; 1; 1; 0; 1; 0; 0; 0}	m: {0; 0; 0; 1; 0; 0; 0; 0; 0; 0; 0; 0; 0; 0; 0; 0; 0; 0}	Politica: 3
jul. 27, 2019 12:13:01 A. M. monitor.GestorDeMonitor dispararTransicion
INFORMACIÓN: 64	DISPARE!		T:7Marcado: {{0.0,62.0,2.0,0.0,2.0,0.0,2.0,0.0,2.0,0.0,12.0,18.0,0.0,0.0,1.0,30.0,0.0,2.0,0.0,1.0,0.0,46.0,1.0,0.0}}	Thread-8	Sensi:{1; 0; 0; 0; 0; 0; 0; 1; 0; 0; 0; 0; 0; 0; 0; 1; 0; 0}	Colas: {0; 0; 1; 1; 0; 1; 0; 0; 1; 0; 1; 1; 1; 0; 1; 0; 0; 0}	m: {0; 0; 0; 0; 0; 0; 0; 0; 0; 0; 0; 0; 0; 0; 0; 0; 0; 0}
jul. 27, 2019 12:13:01 A. M. monitor.GestorDeMonitor dispararTransicion
INFORMACIÓN: 65	DISPARE!		T:1Marcado: {{0.0,62.0,2.0,0.0,2.0,0.0,2.0,0.0,2.0,0.0,12.0,18.0,0.0,0.0,1.0,30.0,0.0,2.0,0.0,1.0,0.0,46.0,1.0,0.0}}	Thread-1	Sensi:{1; 0; 0; 0; 0; 0; 0; 1; 0; 0; 0; 0; 0; 0; 0; 1; 0; 0}	Colas: {0; 0; 1; 1; 0; 1; 0; 0; 1; 0; 1; 1; 1; 0; 1; 0; 0; 0}	m: {0; 0; 0; 0; 0; 0; 0; 0; 0; 0; 0; 0; 0; 0; 0; 0; 0; 0}
jul. 27, 2019 12:13:01 A. M. monitor.GestorDeMonitor dispararTransicion
INFORMACIÓN: 66	DISPARE!		T:4Marcado: {{0.0,61.0,2.0,0.0,2.0,0.0,2.0,0.0,2.0,0.0,13.0,17.0,0.0,0.0,1.0,30.0,0.0,2.0,0.0,1.0,0.0,45.0,1.0,0.0}}	Thread-5	Sensi:{1; 1; 0; 0; 0; 0; 0; 1; 0; 0; 0; 0; 0; 0; 0; 1; 0; 0}	Colas: {0; 0; 1; 1; 0; 1; 1; 0; 1; 0; 1; 1; 1; 0; 1; 0; 0; 0}	m: {0; 0; 0; 0; 0; 0; 0; 0; 0; 0; 0; 0; 0; 0; 0; 0; 0; 0}
jul. 27, 2019 12:13:01 A. M. monitor.GestorDeMonitor dispararTransicion
INFORMACIÓN: 67	DISPARE!		T:7Marcado: {{0.0,61.0,2.0,0.0,2.0,0.0,2.0,0.0,2.0,0.0,13.0,17.0,0.0,0.0,1.0,30.0,0.0,2.0,0.0,1.0,0.0,45.0,1.0,0.0}}	Thread-8	Sensi:{1; 0; 0; 0; 1; 1; 1; 1; 0; 0; 0; 0; 0; 0; 0; 1; 0; 0}	Colas: {0; 0; 1; 1; 1; 1; 1; 0; 1; 0; 1; 1; 1; 0; 1; 0; 0; 0}	m: {0; 0; 0; 0; 1; 1; 1; 0; 0; 0; 0; 0; 0; 0; 0; 0; 0; 0}	Politica: 4
jul. 27, 2019 12:13:01 A. M. monitor.GestorDeMonitor dispararTransicion
INFORMACIÓN: 68	DISPARE!		T:1Marcado: {{0.0,61.0,2.0,0.0,2.0,0.0,2.0,0.0,2.0,0.0,13.0,17.0,0.0,0.0,1.0,30.0,0.0,2.0,0.0,1.0,0.0,45.0,1.0,0.0}}	Thread-1	Sensi:{1; 0; 0; 0; 0; 0; 0; 1; 0; 0; 0; 0; 0; 0; 0; 1; 0; 0}	Colas: {0; 0; 1; 1; 0; 1; 1; 0; 1; 0; 1; 1; 1; 0; 1; 0; 0; 0}	m: {0; 0; 0; 0; 0; 0; 0; 0; 0; 0; 0; 0; 0; 0; 0; 0; 0; 0}
jul. 27, 2019 12:13:01 A. M. monitor.GestorDeMonitor dispararTransicion
INFORMACIÓN: 69	DISPARE!		T:4Marcado: {{0.0,61.0,1.0,1.0,2.0,0.0,2.0,0.0,2.0,0.0,14.0,16.0,0.0,0.0,1.0,30.0,0.0,2.0,0.0,1.0,0.0,44.0,1.0,0.0}}	Thread-5	Sensi:{1; 1; 0; 0; 0; 0; 0; 1; 0; 0; 0; 0; 0; 0; 0; 1; 0; 0}	Colas: {0; 1; 1; 1; 0; 1; 1; 0; 1; 0; 1; 1; 1; 0; 1; 0; 0; 0}	m: {0; 1; 0; 0; 0; 0; 0; 0; 0; 0; 0; 0; 0; 0; 0; 0; 0; 0}	Politica: 1
jul. 27, 2019 12:13:01 A. M. monitor.GestorDeMonitor dispararTransicion
INFORMACIÓN: 70	DISPARE!		T:7Marcado: {{0.0,60.0,2.0,0.0,2.0,0.0,2.0,0.0,2.0,0.0,14.0,16.0,0.0,0.0,1.0,30.0,0.0,2.0,0.0,1.0,0.0,44.0,1.0,0.0}}	Thread-8	Sensi:{1; 0; 0; 0; 0; 0; 0; 1; 0; 0; 0; 0; 0; 0; 0; 1; 0; 0}	Colas: {0; 0; 1; 1; 0; 1; 1; 0; 1; 0; 1; 1; 1; 0; 1; 0; 0; 0}	m: {0; 0; 0; 0; 0; 0; 0; 0; 0; 0; 0; 0; 0; 0; 0; 0; 0; 0}
jul. 27, 2019 12:13:01 A. M. monitor.GestorDeMonitor dispararTransicion
INFORMACIÓN: 71	DISPARE!		T:1Marcado: {{0.0,60.0,2.0,0.0,2.0,0.0,2.0,0.0,2.0,0.0,14.0,16.0,0.0,0.0,1.0,30.0,0.0,2.0,0.0,1.0,0.0,44.0,1.0,0.0}}	Thread-1	Sensi:{1; 0; 0; 0; 0; 0; 0; 1; 0; 0; 0; 0; 0; 0; 0; 1; 0; 0}	Colas: {0; 0; 1; 1; 0; 1; 1; 0; 1; 0; 1; 1; 1; 0; 1; 0; 0; 0}	m: {0; 0; 0; 0; 0; 0; 0; 0; 0; 0; 0; 0; 0; 0; 0; 0; 0; 0}
jul. 27, 2019 12:13:01 A. M. monitor.GestorDeMonitor dispararTransicion
INFORMACIÓN: 72	DISPARE!		T:4Marcado: {{0.0,60.0,1.0,1.0,2.0,0.0,2.0,0.0,2.0,0.0,15.0,15.0,0.0,0.0,1.0,30.0,0.0,2.0,0.0,1.0,0.0,43.0,1.0,0.0}}	Thread-5	Sensi:{1; 1; 0; 0; 0; 0; 0; 1; 0; 0; 0; 0; 0; 0; 0; 1; 0; 0}	Colas: {0; 1; 1; 1; 0; 1; 1; 0; 1; 0; 1; 1; 1; 0; 1; 0; 0; 0}	m: {0; 1; 0; 0; 0; 0; 0; 0; 0; 0; 0; 0; 0; 0; 0; 0; 0; 0}	Politica: 1
jul. 27, 2019 12:13:01 A. M. monitor.GestorDeMonitor dispararTransicion
INFORMACIÓN: 73	DISPARE!		T:1Marcado: {{0.0,59.0,2.0,0.0,2.0,0.0,2.0,0.0,2.0,0.0,15.0,15.0,0.0,0.0,1.0,30.0,0.0,2.0,0.0,1.0,0.0,43.0,1.0,0.0}}	Thread-1	Sensi:{1; 0; 0; 0; 0; 0; 0; 1; 0; 0; 0; 0; 0; 0; 0; 1; 0; 0}	Colas: {0; 0; 1; 1; 0; 1; 1; 0; 1; 0; 1; 1; 1; 0; 1; 0; 0; 0}	m: {0; 0; 0; 0; 0; 0; 0; 0; 0; 0; 0; 0; 0; 0; 0; 0; 0; 0}
jul. 27, 2019 12:13:01 A. M. monitor.GestorDeMonitor dispararTransicion
INFORMACIÓN: 74	DISPARE!		T:7Marcado: {{0.0,59.0,2.0,0.0,2.0,0.0,2.0,0.0,2.0,0.0,15.0,15.0,0.0,0.0,1.0,30.0,0.0,2.0,0.0,1.0,0.0,43.0,1.0,0.0}}	Thread-8	Sensi:{1; 0; 0; 0; 0; 0; 0; 1; 0; 0; 0; 0; 0; 0; 0; 1; 0; 0}	Colas: {0; 1; 1; 1; 1; 1; 1; 0; 1; 0; 1; 1; 1; 0; 1; 0; 0; 0}	m: {0; 0; 0; 0; 0; 0; 0; 0; 0; 0; 0; 0; 0; 0; 0; 0; 0; 0}
jul. 27, 2019 12:13:01 A. M. monitor.GestorDeMonitor dispararTransicion
INFORMACIÓN: 75	DISPARE!		T:4Marcado: {{0.0,59.0,1.0,1.0,2.0,0.0,2.0,0.0,2.0,0.0,16.0,14.0,0.0,0.0,1.0,30.0,0.0,2.0,0.0,1.0,0.0,42.0,1.0,0.0}}	Thread-5	Sensi:{1; 1; 0; 0; 0; 0; 0; 1; 0; 0; 0; 0; 0; 0; 0; 1; 0; 0}	Colas: {0; 1; 1; 1; 0; 1; 1; 0; 1; 0; 1; 1; 1; 0; 1; 0; 0; 0}	m: {0; 1; 0; 0; 0; 0; 0; 0; 0; 0; 0; 0; 0; 0; 0; 0; 0; 0}	Politica: 1
jul. 27, 2019 12:13:01 A. M. monitor.GestorDeMonitor dispararTransicion
INFORMACIÓN: 76	DISPARE!		T:1Marcado: {{0.0,58.0,2.0,0.0,2.0,0.0,2.0,0.0,2.0,0.0,16.0,14.0,0.0,0.0,1.0,30.0,0.0,2.0,0.0,1.0,0.0,42.0,1.0,0.0}}	Thread-1	Sensi:{1; 0; 0; 0; 0; 0; 0; 1; 0; 0; 0; 0; 0; 0; 0; 1; 0; 0}	Colas: {0; 0; 1; 1; 0; 1; 1; 0; 1; 0; 1; 1; 1; 0; 1; 0; 0; 0}	m: {0; 0; 0; 0; 0; 0; 0; 0; 0; 0; 0; 0; 0; 0; 0; 0; 0; 0}
jul. 27, 2019 12:13:01 A. M. monitor.GestorDeMonitor dispararTransicion
INFORMACIÓN: 77	DISPARE!		T:7Marcado: {{0.0,58.0,2.0,0.0,2.0,0.0,2.0,0.0,2.0,0.0,16.0,14.0,0.0,0.0,1.0,30.0,0.0,2.0,0.0,1.0,0.0,42.0,1.0,0.0}}	Thread-8	Sensi:{1; 0; 0; 0; 1; 1; 1; 1; 0; 0; 0; 0; 0; 0; 0; 1; 0; 0}	Colas: {0; 1; 1; 1; 1; 1; 1; 0; 1; 0; 1; 1; 1; 0; 1; 0; 0; 0}	m: {0; 0; 0; 0; 1; 1; 1; 0; 0; 0; 0; 0; 0; 0; 0; 0; 0; 0}	Politica: 4
jul. 27, 2019 12:13:01 A. M. monitor.GestorDeMonitor dispararTransicion
INFORMACIÓN: 78	DISPARE!		T:7Marcado: {{0.0,58.0,2.0,0.0,2.0,0.0,2.0,0.0,1.0,1.0,17.0,13.0,0.0,0.0,1.0,30.0,0.0,2.0,0.0,1.0,0.0,42.0,1.0,0.0}}	Thread-8	Sensi:{1; 0; 0; 0; 1; 1; 1; 1; 0; 0; 0; 0; 0; 0; 0; 1; 0; 0}	Colas: {0; 1; 1; 1; 1; 1; 1; 0; 1; 0; 1; 1; 1; 0; 1; 0; 0; 0}	m: {0; 0; 0; 0; 1; 1; 1; 0; 0; 0; 0; 0; 0; 0; 0; 0; 0; 0}	Politica: 4
jul. 27, 2019 12:13:01 A. M. monitor.GestorDeMonitor dispararTransicion
INFORMACIÓN: 79	DISPARE!		T:4Marcado: {{0.0,58.0,1.0,1.0,2.0,0.0,2.0,0.0,1.0,1.0,18.0,12.0,0.0,0.0,1.0,30.0,0.0,2.0,0.0,1.0,0.0,41.0,1.0,0.0}}	Thread-5	Sensi:{1; 1; 0; 0; 0; 0; 0; 1; 0; 0; 0; 0; 0; 0; 0; 1; 0; 0}	Colas: {0; 1; 1; 1; 0; 1; 1; 0; 1; 0; 1; 1; 1; 0; 1; 0; 0; 0}	m: {0; 1; 0; 0; 0; 0; 0; 0; 0; 0; 0; 0; 0; 0; 0; 0; 0; 0}	Politica: 1
jul. 27, 2019 12:13:01 A. M. monitor.GestorDeMonitor dispararTransicion
INFORMACIÓN: 80	DISPARE!		T:7Marcado: {{0.0,58.0,1.0,1.0,2.0,0.0,2.0,0.0,1.0,1.0,18.0,12.0,0.0,0.0,1.0,30.0,0.0,2.0,0.0,1.0,0.0,41.0,1.0,0.0}}	Thread-8	Sensi:{1; 1; 0; 0; 1; 1; 1; 1; 0; 0; 0; 0; 0; 0; 0; 1; 0; 0}	Colas: {0; 0; 1; 1; 0; 1; 1; 0; 1; 0; 1; 1; 1; 0; 1; 0; 0; 0}	m: {0; 0; 0; 0; 0; 1; 1; 0; 0; 0; 0; 0; 0; 0; 0; 0; 0; 0}	Politica: 5
jul. 27, 2019 12:13:01 A. M. monitor.GestorDeMonitor dispararTransicion
INFORMACIÓN: 81	DISPARE!		T:5Marcado: {{0.0,57.0,1.0,1.0,2.0,0.0,2.0,0.0,2.0,0.0,18.0,12.0,0.0,0.0,1.0,30.0,0.0,2.0,0.0,1.0,0.0,40.0,1.0,0.0}}	Thread-6	Sensi:{1; 1; 1; 0; 0; 0; 0; 1; 0; 0; 0; 0; 0; 0; 0; 1; 0; 0}	Colas: {0; 0; 1; 1; 0; 0; 1; 0; 1; 0; 1; 1; 1; 0; 1; 0; 0; 0}	m: {0; 0; 1; 0; 0; 0; 0; 0; 0; 0; 0; 0; 0; 0; 0; 0; 0; 0}	Politica: 2
jul. 27, 2019 12:13:01 A. M. monitor.GestorDeMonitor dispararTransicion
INFORMACIÓN: 82	DISPARE!		T:2Marcado: {{0.0,57.0,1.0,1.0,2.0,0.0,2.0,0.0,2.0,0.0,18.0,12.0,0.0,0.0,1.0,30.0,0.0,2.0,0.0,1.0,0.0,40.0,1.0,0.0}}	Thread-3	Sensi:{1; 1; 0; 0; 0; 0; 0; 1; 0; 0; 0; 0; 0; 0; 0; 1; 0; 0}	Colas: {0; 0; 0; 1; 0; 0; 1; 0; 1; 0; 1; 1; 1; 0; 1; 0; 0; 0}	m: {0; 0; 0; 0; 0; 0; 0; 0; 0; 0; 0; 0; 0; 0; 0; 0; 0; 0}
jul. 27, 2019 12:13:01 A. M. monitor.GestorDeMonitor dispararTransicion
INFORMACIÓN: 83	DISPARE!		T:1Marcado: {{0.0,56.0,2.0,0.0,2.0,0.0,2.0,0.0,2.0,0.0,18.0,12.0,0.0,0.0,1.0,30.0,0.0,2.0,0.0,1.0,0.0,40.0,1.0,0.0}}	Thread-1	Sensi:{1; 0; 0; 0; 0; 0; 0; 1; 0; 0; 0; 0; 0; 0; 0; 1; 0; 0}	Colas: {0; 0; 1; 1; 1; 1; 1; 0; 1; 0; 1; 1; 1; 0; 1; 0; 0; 0}	m: {0; 0; 0; 0; 0; 0; 0; 0; 0; 0; 0; 0; 0; 0; 0; 0; 0; 0}
jul. 27, 2019 12:13:01 A. M. monitor.GestorDeMonitor dispararTransicion
INFORMACIÓN: 84	DISPARE!		T:7Marcado: {{0.0,56.0,2.0,0.0,2.0,0.0,2.0,0.0,1.0,1.0,19.0,11.0,0.0,0.0,1.0,30.0,0.0,2.0,0.0,1.0,0.0,40.0,1.0,0.0}}	Thread-8	Sensi:{1; 0; 0; 0; 1; 1; 1; 1; 0; 0; 0; 0; 0; 0; 0; 1; 0; 0}	Colas: {0; 1; 1; 1; 1; 1; 1; 0; 1; 0; 1; 1; 1; 0; 1; 0; 0; 0}	m: {0; 0; 0; 0; 1; 1; 1; 0; 0; 0; 0; 0; 0; 0; 0; 0; 0; 0}	Politica: 4
jul. 27, 2019 12:13:01 A. M. monitor.GestorDeMonitor dispararTransicion
INFORMACIÓN: 85	DISPARE!		T:4Marcado: {{0.0,56.0,1.0,1.0,2.0,0.0,2.0,0.0,1.0,1.0,20.0,10.0,0.0,0.0,1.0,30.0,0.0,2.0,0.0,1.0,0.0,39.0,1.0,0.0}}	Thread-5	Sensi:{1; 1; 0; 0; 0; 0; 0; 1; 0; 0; 0; 0; 0; 0; 0; 1; 0; 0}	Colas: {0; 1; 1; 1; 0; 1; 1; 0; 1; 0; 1; 1; 1; 0; 1; 0; 0; 0}	m: {0; 1; 0; 0; 0; 0; 0; 0; 0; 0; 0; 0; 0; 0; 0; 0; 0; 0}	Politica: 1
jul. 27, 2019 12:13:01 A. M. monitor.GestorDeMonitor dispararTransicion
INFORMACIÓN: 86	DISPARE!		T:7Marcado: {{0.0,56.0,0.0,2.0,2.0,0.0,2.0,0.0,2.0,0.0,20.0,10.0,0.0,0.0,1.0,30.0,0.0,2.0,0.0,1.0,0.0,38.0,1.0,0.0}}	Thread-8	Sensi:{1; 1; 0; 0; 1; 1; 1; 1; 0; 0; 0; 0; 0; 0; 0; 1; 0; 0}	Colas: {0; 0; 1; 1; 0; 1; 1; 0; 1; 0; 1; 1; 1; 0; 1; 0; 0; 0}	m: {0; 0; 0; 0; 0; 1; 1; 0; 0; 0; 0; 0; 0; 0; 0; 0; 0; 0}	Politica: 5
jul. 27, 2019 12:13:01 A. M. monitor.GestorDeMonitor dispararTransicion
INFORMACIÓN: 87	DISPARE!		T:1Marcado: {{0.0,55.0,1.0,1.0,2.0,0.0,2.0,0.0,2.0,0.0,20.0,10.0,0.0,0.0,1.0,30.0,0.0,2.0,0.0,1.0,0.0,38.0,1.0,0.0}}	Thread-1	Sensi:{1; 1; 0; 0; 0; 0; 0; 1; 0; 0; 0; 0; 0; 0; 0; 1; 0; 0}	Colas: {0; 0; 1; 1; 0; 0; 1; 0; 1; 0; 1; 1; 1; 0; 1; 0; 0; 0}	m: {0; 0; 0; 0; 0; 0; 0; 0; 0; 0; 0; 0; 0; 0; 0; 0; 0; 0}
jul. 27, 2019 12:13:01 A. M. monitor.GestorDeMonitor dispararTransicion
INFORMACIÓN: 88	DISPARE!		T:4Marcado: {{0.0,55.0,1.0,1.0,2.0,0.0,2.0,0.0,1.0,1.0,21.0,9.0,0.0,0.0,1.0,30.0,0.0,2.0,0.0,1.0,0.0,38.0,1.0,0.0}}	Thread-5	Sensi:{1; 1; 0; 0; 1; 1; 1; 1; 0; 0; 0; 0; 0; 0; 0; 1; 0; 0}	Colas: {0; 0; 1; 1; 0; 0; 1; 0; 1; 0; 1; 1; 1; 0; 1; 0; 0; 0}	m: {0; 0; 0; 0; 0; 0; 1; 0; 0; 0; 0; 0; 0; 0; 0; 0; 0; 0}	Politica: 6
jul. 27, 2019 12:13:01 A. M. monitor.GestorDeMonitor dispararTransicion
INFORMACIÓN: 89	DISPARE!		T:5Marcado: {{0.0,55.0,1.0,1.0,1.0,1.0,2.0,0.0,2.0,0.0,21.0,9.0,0.0,0.0,1.0,30.0,0.0,2.0,0.0,1.0,0.0,37.0,1.0,0.0}}	Thread-6	Sensi:{1; 1; 1; 0; 0; 0; 0; 1; 0; 0; 0; 0; 0; 0; 0; 1; 0; 0}	Colas: {0; 0; 1; 1; 0; 0; 0; 0; 1; 0; 1; 1; 1; 0; 1; 0; 0; 0}	m: {0; 0; 1; 0; 0; 0; 0; 0; 0; 0; 0; 0; 0; 0; 0; 0; 0; 0}	Politica: 2
jul. 27, 2019 12:13:01 A. M. monitor.GestorDeMonitor dispararTransicion
INFORMACIÓN: 90	DISPARE!		T:7Marcado: {{0.0,54.0,1.0,1.0,2.0,0.0,2.0,0.0,2.0,0.0,21.0,9.0,0.0,0.0,1.0,30.0,0.0,2.0,0.0,1.0,0.0,37.0,1.0,0.0}}	Thread-8	Sensi:{1; 1; 0; 0; 0; 0; 0; 1; 0; 0; 0; 0; 0; 0; 0; 1; 0; 0}	Colas: {0; 0; 0; 1; 0; 0; 0; 0; 1; 0; 1; 1; 1; 0; 1; 0; 0; 0}	m: {0; 0; 0; 0; 0; 0; 0; 0; 0; 0; 0; 0; 0; 0; 0; 0; 0; 0}
jul. 27, 2019 12:13:01 A. M. monitor.GestorDeMonitor dispararTransicion
INFORMACIÓN: 91	DISPARE!		T:2Marcado: {{0.0,54.0,1.0,1.0,2.0,0.0,2.0,0.0,2.0,0.0,21.0,9.0,0.0,0.0,1.0,30.0,0.0,2.0,0.0,1.0,0.0,37.0,1.0,0.0}}	Thread-3	Sensi:{1; 1; 0; 0; 0; 0; 0; 1; 0; 0; 0; 0; 0; 0; 0; 1; 0; 0}	Colas: {0; 0; 0; 1; 0; 0; 0; 0; 1; 0; 1; 1; 1; 0; 1; 0; 0; 0}	m: {0; 0; 0; 0; 0; 0; 0; 0; 0; 0; 0; 0; 0; 0; 0; 0; 0; 0}
jul. 27, 2019 12:13:01 A. M. monitor.GestorDeMonitor dispararTransicion
INFORMACIÓN: 92	DISPARE!		T:1Marcado: {{0.0,53.0,2.0,0.0,2.0,0.0,2.0,0.0,2.0,0.0,21.0,9.0,0.0,0.0,1.0,30.0,0.0,2.0,0.0,1.0,0.0,37.0,1.0,0.0}}	Thread-1	Sensi:{1; 0; 0; 0; 0; 0; 0; 1; 0; 0; 0; 0; 0; 0; 0; 1; 0; 0}	Colas: {0; 0; 1; 1; 1; 0; 1; 0; 1; 0; 1; 1; 1; 0; 1; 0; 0; 0}	m: {0; 0; 0; 0; 0; 0; 0; 0; 0; 0; 0; 0; 0; 0; 0; 0; 0; 0}
jul. 27, 2019 12:13:01 A. M. monitor.GestorDeMonitor dispararTransicion
INFORMACIÓN: 93	DISPARE!		T:7Marcado: {{0.0,53.0,2.0,0.0,1.0,1.0,2.0,0.0,2.0,0.0,22.0,8.0,0.0,0.0,1.0,30.0,0.0,2.0,0.0,1.0,0.0,36.0,1.0,0.0}}	Thread-8	Sensi:{1; 0; 0; 0; 1; 1; 1; 1; 0; 0; 0; 0; 0; 0; 0; 1; 0; 0}	Colas: {0; 0; 1; 1; 1; 0; 1; 0; 1; 0; 1; 1; 1; 0; 1; 0; 0; 0}	m: {0; 0; 0; 0; 1; 0; 1; 0; 0; 0; 0; 0; 0; 0; 0; 0; 0; 0}	Politica: 4
jul. 27, 2019 12:13:01 A. M. monitor.GestorDeMonitor dispararTransicion
INFORMACIÓN: 94	DISPARE!		T:5Marcado: {{0.0,53.0,2.0,0.0,1.0,1.0,2.0,0.0,2.0,0.0,22.0,8.0,0.0,0.0,1.0,30.0,0.0,2.0,0.0,1.0,0.0,36.0,1.0,0.0}}	Thread-6	Sensi:{1; 0; 1; 0; 0; 0; 0; 1; 0; 0; 0; 0; 0; 0; 0; 1; 0; 0}	Colas: {0; 0; 1; 1; 1; 0; 1; 0; 1; 0; 1; 1; 1; 0; 1; 0; 0; 0}	m: {0; 0; 1; 0; 0; 0; 0; 0; 0; 0; 0; 0; 0; 0; 0; 0; 0; 0}	Politica: 2
jul. 27, 2019 12:13:01 A. M. monitor.GestorDeMonitor dispararTransicion
INFORMACIÓN: 95	DISPARE!		T:2Marcado: {{0.0,52.0,2.0,0.0,2.0,0.0,2.0,0.0,2.0,0.0,22.0,8.0,0.0,0.0,1.0,30.0,0.0,2.0,0.0,1.0,0.0,36.0,1.0,0.0}}	Thread-3	Sensi:{1; 0; 0; 0; 0; 0; 0; 1; 0; 0; 0; 0; 0; 0; 0; 1; 0; 0}	Colas: {0; 1; 0; 1; 1; 0; 1; 0; 1; 0; 1; 1; 1; 0; 1; 0; 0; 0}	m: {0; 0; 0; 0; 0; 0; 0; 0; 0; 0; 0; 0; 0; 0; 0; 0; 0; 0}
jul. 27, 2019 12:13:01 A. M. monitor.GestorDeMonitor dispararTransicion
INFORMACIÓN: 96	DISPARE!		T:7Marcado: {{0.0,52.0,2.0,0.0,2.0,0.0,2.0,0.0,1.0,1.0,23.0,7.0,0.0,0.0,1.0,30.0,0.0,2.0,0.0,1.0,0.0,36.0,1.0,0.0}}	Thread-8	Sensi:{1; 0; 0; 0; 1; 1; 1; 1; 0; 0; 0; 0; 0; 0; 0; 1; 0; 0}	Colas: {0; 1; 0; 1; 1; 1; 1; 0; 1; 0; 1; 1; 1; 0; 1; 0; 0; 0}	m: {0; 0; 0; 0; 1; 1; 1; 0; 0; 0; 0; 0; 0; 0; 0; 0; 0; 0}	Politica: 4
jul. 27, 2019 12:13:01 A. M. monitor.GestorDeMonitor dispararTransicion
INFORMACIÓN: 97	DISPARE!		T:4Marcado: {{0.0,52.0,1.0,1.0,2.0,0.0,2.0,0.0,2.0,0.0,23.0,7.0,0.0,0.0,1.0,30.0,0.0,2.0,0.0,1.0,0.0,35.0,1.0,0.0}}	Thread-5	Sensi:{1; 1; 0; 0; 0; 0; 0; 1; 0; 0; 0; 0; 0; 0; 0; 1; 0; 0}	Colas: {0; 1; 1; 1; 0; 1; 1; 0; 1; 0; 1; 1; 1; 0; 1; 0; 0; 0}	m: {0; 1; 0; 0; 0; 0; 0; 0; 0; 0; 0; 0; 0; 0; 0; 0; 0; 0}	Politica: 1
jul. 27, 2019 12:13:01 A. M. monitor.GestorDeMonitor dispararTransicion
INFORMACIÓN: 98	DISPARE!		T:7Marcado: {{0.0,52.0,0.0,2.0,2.0,0.0,2.0,0.0,2.0,0.0,24.0,6.0,0.0,0.0,1.0,30.0,0.0,2.0,0.0,1.0,0.0,34.0,1.0,0.0}}	Thread-8	Sensi:{1; 1; 0; 0; 1; 1; 1; 1; 0; 0; 0; 0; 0; 0; 0; 1; 0; 0}	Colas: {0; 0; 1; 1; 0; 1; 1; 0; 1; 0; 1; 1; 1; 0; 1; 0; 0; 0}	m: {0; 0; 0; 0; 0; 1; 1; 0; 0; 0; 0; 0; 0; 0; 0; 0; 0; 0}	Politica: 5
jul. 27, 2019 12:13:01 A. M. monitor.GestorDeMonitor dispararTransicion
INFORMACIÓN: 99	DISPARE!		T:1Marcado: {{0.0,51.0,1.0,1.0,2.0,0.0,2.0,0.0,2.0,0.0,24.0,6.0,0.0,0.0,1.0,30.0,0.0,2.0,0.0,1.0,0.0,34.0,1.0,0.0}}	Thread-1	Sensi:{1; 1; 0; 0; 0; 0; 0; 1; 0; 0; 0; 0; 0; 0; 0; 1; 0; 0}	Colas: {0; 0; 1; 1; 0; 0; 1; 0; 1; 0; 1; 1; 1; 0; 1; 0; 0; 0}	m: {0; 0; 0; 0; 0; 0; 0; 0; 0; 0; 0; 0; 0; 0; 0; 0; 0; 0}
jul. 27, 2019 12:13:01 A. M. monitor.GestorDeMonitor dispararTransicion
INFORMACIÓN: 100	DISPARE!		T:4Marcado: {{0.0,51.0,1.0,1.0,2.0,0.0,2.0,0.0,1.0,1.0,25.0,5.0,0.0,0.0,1.0,30.0,0.0,2.0,0.0,1.0,0.0,34.0,1.0,0.0}}	Thread-5	Sensi:{1; 1; 0; 0; 1; 1; 1; 1; 0; 0; 0; 0; 0; 0; 0; 1; 0; 0}	Colas: {0; 0; 1; 1; 0; 0; 1; 0; 1; 0; 1; 1; 1; 0; 1; 0; 0; 0}	m: {0; 0; 0; 0; 0; 0; 1; 0; 0; 0; 0; 0; 0; 0; 0; 0; 0; 0}	Politica: 6
jul. 27, 2019 12:13:01 A. M. monitor.GestorDeMonitor dispararTransicion
INFORMACIÓN: 101	DISPARE!		T:5Marcado: {{0.0,51.0,1.0,1.0,1.0,1.0,2.0,0.0,2.0,0.0,25.0,5.0,0.0,0.0,1.0,30.0,0.0,2.0,0.0,1.0,0.0,33.0,1.0,0.0}}	Thread-6	Sensi:{1; 1; 1; 0; 0; 0; 0; 1; 0; 0; 0; 0; 0; 0; 0; 1; 0; 0}	Colas: {0; 0; 1; 1; 0; 0; 0; 0; 1; 0; 1; 1; 1; 0; 1; 0; 0; 0}	m: {0; 0; 1; 0; 0; 0; 0; 0; 0; 0; 0; 0; 0; 0; 0; 0; 0; 0}	Politica: 2
jul. 27, 2019 12:13:01 A. M. monitor.GestorDeMonitor dispararTransicion
INFORMACIÓN: 102	DISPARE!		T:1Marcado: {{0.0,50.0,2.0,0.0,1.0,1.0,2.0,0.0,2.0,0.0,25.0,5.0,0.0,0.0,1.0,30.0,0.0,2.0,0.0,1.0,0.0,33.0,1.0,0.0}}	Thread-1	Sensi:{1; 0; 1; 0; 0; 0; 0; 1; 0; 0; 0; 0; 0; 0; 0; 1; 0; 0}	Colas: {0; 0; 0; 1; 1; 0; 1; 0; 1; 0; 1; 1; 1; 0; 1; 0; 0; 0}	m: {0; 0; 0; 0; 0; 0; 0; 0; 0; 0; 0; 0; 0; 0; 0; 0; 0; 0}
jul. 27, 2019 12:13:01 A. M. monitor.GestorDeMonitor dispararTransicion
INFORMACIÓN: 103	DISPARE!		T:7Marcado: {{0.0,49.0,2.0,0.0,2.0,0.0,2.0,0.0,2.0,0.0,25.0,5.0,0.0,0.0,1.0,30.0,0.0,2.0,0.0,1.0,0.0,33.0,1.0,0.0}}	Thread-8	Sensi:{1; 0; 0; 0; 0; 0; 0; 1; 0; 0; 0; 0; 0; 0; 0; 1; 0; 0}	Colas: {0; 0; 0; 1; 1; 1; 1; 0; 1; 0; 1; 1; 1; 0; 1; 0; 0; 0}	m: {0; 0; 0; 0; 0; 0; 0; 0; 0; 0; 0; 0; 0; 0; 0; 0; 0; 0}
jul. 27, 2019 12:13:01 A. M. monitor.GestorDeMonitor dispararTransicion
INFORMACIÓN: 104	DISPARE!		T:2Marcado: {{0.0,49.0,2.0,0.0,2.0,0.0,2.0,0.0,2.0,0.0,25.0,5.0,0.0,0.0,1.0,30.0,0.0,2.0,0.0,1.0,0.0,33.0,1.0,0.0}}	Thread-3	Sensi:{1; 0; 0; 0; 0; 0; 0; 1; 0; 0; 0; 0; 0; 0; 0; 1; 0; 0}	Colas: {0; 0; 0; 1; 1; 1; 1; 0; 1; 0; 1; 1; 1; 0; 1; 0; 0; 0}	m: {0; 0; 0; 0; 0; 0; 0; 0; 0; 0; 0; 0; 0; 0; 0; 0; 0; 0}
jul. 27, 2019 12:13:01 A. M. monitor.GestorDeMonitor dispararTransicion
INFORMACIÓN: 105	DISPARE!		T:4Marcado: {{0.0,49.0,1.0,1.0,2.0,0.0,2.0,0.0,2.0,0.0,26.0,4.0,0.0,0.0,1.0,30.0,0.0,2.0,0.0,1.0,0.0,32.0,1.0,0.0}}	Thread-5	Sensi:{1; 1; 0; 0; 0; 0; 0; 1; 0; 0; 0; 0; 0; 0; 0; 1; 0; 0}	Colas: {0; 1; 1; 1; 0; 1; 1; 0; 1; 0; 1; 1; 1; 0; 1; 0; 0; 0}	m: {0; 1; 0; 0; 0; 0; 0; 0; 0; 0; 0; 0; 0; 0; 0; 0; 0; 0}	Politica: 1
jul. 27, 2019 12:13:01 A. M. monitor.GestorDeMonitor dispararTransicion
INFORMACIÓN: 106	DISPARE!		T:7Marcado: {{0.0,49.0,1.0,1.0,2.0,0.0,2.0,0.0,2.0,0.0,26.0,4.0,0.0,0.0,1.0,30.0,0.0,2.0,0.0,1.0,0.0,32.0,1.0,0.0}}	Thread-8	Sensi:{1; 0; 0; 0; 1; 1; 1; 1; 0; 0; 0; 0; 0; 0; 0; 1; 0; 0}	Colas: {0; 0; 0; 1; 1; 1; 1; 0; 1; 0; 1; 1; 1; 0; 1; 0; 0; 0}	m: {0; 0; 0; 0; 1; 1; 1; 0; 0; 0; 0; 0; 0; 0; 0; 0; 0; 0}	Politica: 4
jul. 27, 2019 12:13:01 A. M. monitor.GestorDeMonitor dispararTransicion
INFORMACIÓN: 107	DISPARE!		T:7Marcado: {{0.0,48.0,2.0,0.0,2.0,0.0,2.0,0.0,1.0,1.0,27.0,3.0,0.0,0.0,1.0,30.0,0.0,2.0,0.0,1.0,0.0,32.0,1.0,0.0}}	Thread-8	Sensi:{1; 1; 0; 0; 1; 1; 1; 1; 0; 0; 0; 0; 0; 0; 0; 1; 0; 0}	Colas: {0; 0; 1; 1; 1; 1; 1; 0; 1; 0; 1; 1; 1; 0; 1; 0; 0; 0}	m: {0; 0; 0; 0; 1; 1; 1; 0; 0; 0; 0; 0; 0; 0; 0; 0; 0; 0}	Politica: 4
jul. 27, 2019 12:13:01 A. M. monitor.GestorDeMonitor dispararTransicion
INFORMACIÓN: 108	DISPARE!		T:4Marcado: {{0.0,48.0,1.0,1.0,2.0,0.0,2.0,0.0,2.0,0.0,27.0,3.0,0.0,0.0,1.0,30.0,0.0,2.0,0.0,1.0,0.0,31.0,1.0,0.0}}	Thread-5	Sensi:{1; 1; 0; 0; 0; 0; 0; 1; 0; 0; 0; 0; 0; 0; 0; 1; 0; 0}	Colas: {0; 0; 1; 1; 0; 0; 1; 0; 1; 0; 1; 1; 1; 0; 1; 0; 0; 0}	m: {0; 0; 0; 0; 0; 0; 0; 0; 0; 0; 0; 0; 0; 0; 0; 0; 0; 0}
jul. 27, 2019 12:13:01 A. M. monitor.GestorDeMonitor dispararTransicion
INFORMACIÓN: 109	DISPARE!		T:1Marcado: {{0.0,48.0,1.0,1.0,2.0,0.0,2.0,0.0,1.0,1.0,28.0,2.0,0.0,0.0,1.0,30.0,0.0,2.0,0.0,1.0,0.0,31.0,1.0,0.0}}	Thread-1	Sensi:{1; 0; 0; 0; 1; 1; 1; 1; 0; 0; 0; 0; 0; 0; 0; 1; 0; 0}	Colas: {0; 0; 1; 1; 0; 1; 1; 0; 1; 0; 1; 1; 1; 0; 1; 0; 0; 0}	m: {0; 0; 0; 0; 0; 1; 1; 0; 0; 0; 0; 0; 0; 0; 0; 0; 0; 0}	Politica: 5
jul. 27, 2019 12:13:01 A. M. monitor.GestorDeMonitor dispararTransicion
INFORMACIÓN: 110	DISPARE!		T:7Marcado: {{0.0,47.0,2.0,0.0,2.0,0.0,2.0,0.0,1.0,1.0,28.0,2.0,0.0,0.0,1.0,30.0,0.0,2.0,0.0,1.0,0.0,31.0,1.0,0.0}}	Thread-8	Sensi:{1; 1; 0; 0; 1; 1; 1; 1; 0; 0; 0; 0; 0; 0; 0; 1; 0; 0}	Colas: {0; 0; 1; 1; 1; 0; 1; 0; 1; 0; 1; 1; 1; 0; 1; 0; 0; 0}	m: {0; 0; 0; 0; 1; 0; 1; 0; 0; 0; 0; 0; 0; 0; 0; 0; 0; 0}	Politica: 4
jul. 27, 2019 12:13:01 A. M. monitor.GestorDeMonitor dispararTransicion
INFORMACIÓN: 111	DISPARE!		T:5Marcado: {{0.0,47.0,2.0,0.0,1.0,1.0,2.0,0.0,2.0,0.0,28.0,2.0,0.0,0.0,1.0,30.0,0.0,2.0,0.0,1.0,0.0,30.0,1.0,0.0}}	Thread-6	Sensi:{1; 0; 1; 0; 0; 0; 0; 1; 0; 0; 0; 0; 0; 0; 0; 1; 0; 0}	Colas: {0; 0; 1; 1; 0; 0; 1; 0; 1; 0; 1; 1; 1; 0; 1; 0; 0; 0}	m: {0; 0; 1; 0; 0; 0; 0; 0; 0; 0; 0; 0; 0; 0; 0; 0; 0; 0}	Politica: 2
jul. 27, 2019 12:13:01 A. M. monitor.GestorDeMonitor dispararTransicion
INFORMACIÓN: 112	DISPARE!		T:1Marcado: {{0.0,47.0,2.0,0.0,1.0,1.0,2.0,0.0,1.0,1.0,29.0,1.0,0.0,0.0,1.0,30.0,0.0,2.0,0.0,1.0,0.0,30.0,1.0,0.0}}	Thread-1	Sensi:{1; 0; 1; 0; 1; 1; 1; 1; 0; 0; 0; 0; 0; 0; 0; 1; 0; 0}	Colas: {0; 0; 0; 1; 0; 0; 1; 0; 1; 0; 1; 1; 1; 0; 1; 0; 0; 0}	m: {0; 0; 0; 0; 0; 0; 1; 0; 0; 0; 0; 0; 0; 0; 0; 0; 0; 0}	Politica: 6
jul. 27, 2019 12:13:01 A. M. monitor.GestorDeMonitor dispararTransicion
INFORMACIÓN: 113	DISPARE!		T:7Marcado: {{0.0,47.0,1.0,1.0,1.0,1.0,2.0,0.0,2.0,0.0,29.0,1.0,0.0,0.0,1.0,30.0,0.0,2.0,0.0,1.0,0.0,29.0,1.0,0.0}}	Thread-8	Sensi:{1; 0; 1; 0; 1; 1; 1; 1; 0; 0; 0; 0; 0; 0; 0; 1; 0; 0}	Colas: {0; 0; 0; 1; 0; 0; 0; 0; 1; 0; 1; 1; 1; 0; 1; 0; 0; 0}	m: {0; 0; 0; 0; 0; 0; 0; 0; 0; 0; 0; 0; 0; 0; 0; 0; 0; 0}
jul. 27, 2019 12:13:01 A. M. monitor.GestorDeMonitor dispararTransicion
INFORMACIÓN: 114	DISPARE!		T:4Marcado: {{0.0,47.0,1.0,1.0,1.0,1.0,2.0,0.0,1.0,1.0,30.0,0.0,0.0,0.0,1.0,30.0,0.0,2.0,0.0,1.0,0.0,29.0,1.0,0.0}}	Thread-5	Sensi:{1; 1; 1; 0; 0; 0; 0; 1; 0; 0; 0; 0; 0; 0; 0; 1; 0; 0}	Colas: {0; 0; 0; 1; 0; 0; 0; 0; 1; 0; 1; 1; 1; 0; 1; 0; 0; 0}	m: {0; 0; 0; 0; 0; 0; 0; 0; 0; 0; 0; 0; 0; 0; 0; 0; 0; 0}
jul. 27, 2019 12:13:01 A. M. monitor.GestorDeMonitor dispararTransicion
INFORMACIÓN: 115	DISPARE!		T:7Marcado: {{0.0,46.0,2.0,0.0,1.0,1.0,2.0,0.0,1.0,1.0,30.0,0.0,0.0,0.0,1.0,30.0,0.0,2.0,0.0,1.0,0.0,29.0,1.0,0.0}}	Thread-8	Sensi:{1; 1; 1; 0; 1; 1; 1; 0; 0; 0; 0; 0; 0; 0; 0; 1; 0; 0}	Colas: {0; 0; 0; 1; 0; 0; 0; 0; 1; 0; 1; 1; 1; 0; 1; 0; 0; 0}	m: {0; 0; 0; 0; 0; 0; 0; 0; 0; 0; 0; 0; 0; 0; 0; 0; 0; 0}
jul. 27, 2019 12:13:01 A. M. monitor.GestorDeMonitor dispararTransicion
INFORMACIÓN: 116	DISPARE!		T:1Marcado: {{0.0,46.0,2.0,0.0,1.0,1.0,1.0,1.0,2.0,0.0,30.0,0.0,0.0,0.0,1.0,30.0,0.0,2.0,0.0,1.0,0.0,28.0,1.0,0.0}}	Thread-1	Sensi:{1; 0; 1; 0; 1; 1; 1; 0; 0; 0; 0; 0; 0; 0; 0; 1; 0; 0}	Colas: {0; 0; 0; 1; 0; 0; 0; 0; 1; 0; 1; 1; 1; 0; 1; 0; 0; 0}	m: {0; 0; 0; 0; 0; 0; 0; 0; 0; 0; 0; 0; 0; 0; 0; 0; 0; 0}
jul. 27, 2019 12:13:02 A. M. monitor.GestorDeMonitor dispararTransicion
INFORMACIÓN: 117	DISPARE!		T:6Marcado: {{0.0,45.0,2.0,0.0,2.0,0.0,1.0,1.0,2.0,0.0,30.0,0.0,0.0,0.0,1.0,30.0,0.0,2.0,0.0,1.0,0.0,28.0,1.0,0.0}}	Thread-7	Sensi:{1; 0; 1; 1; 0; 0; 0; 0; 0; 0; 0; 0; 0; 0; 0; 1; 0; 0}	Colas: {0; 0; 0; 1; 0; 0; 0; 0; 1; 0; 1; 1; 1; 0; 1; 0; 0; 0}	m: {0; 0; 0; 1; 0; 0; 0; 0; 0; 0; 0; 0; 0; 0; 0; 0; 0; 0}	Politica: 3
jul. 27, 2019 12:13:02 A. M. monitor.GestorDeMonitor dispararTransicion
INFORMACIÓN: 118	DISPARE!		T:2Marcado: {{0.0,45.0,2.0,0.0,2.0,0.0,1.0,1.0,2.0,0.0,30.0,0.0,0.0,0.0,1.0,30.0,0.0,2.0,0.0,1.0,0.0,28.0,1.0,0.0}}	Thread-3	Sensi:{1; 0; 0; 1; 0; 0; 0; 0; 0; 0; 0; 0; 0; 0; 0; 1; 0; 0}	Colas: {0; 0; 0; 1; 0; 1; 0; 0; 1; 0; 1; 1; 1; 0; 1; 0; 0; 0}	m: {0; 0; 0; 1; 0; 0; 0; 0; 0; 0; 0; 0; 0; 0; 0; 0; 0; 0}	Politica: 3
jul. 27, 2019 12:13:02 A. M. monitor.GestorDeMonitor dispararTransicion
INFORMACIÓN: 119	DISPARE!		T:3Marcado: {{0.0,44.0,2.0,0.0,2.0,0.0,2.0,0.0,2.0,0.0,30.0,0.0,0.0,0.0,1.0,30.0,0.0,2.0,0.0,1.0,0.0,28.0,1.0,0.0}}	Thread-4	Sensi:{1; 0; 0; 0; 0; 0; 0; 0; 0; 0; 0; 0; 0; 0; 0; 1; 0; 0}	Colas: {0; 0; 0; 0; 0; 1; 0; 0; 1; 0; 1; 1; 1; 0; 1; 0; 0; 0}	m: {0; 0; 0; 0; 0; 0; 0; 0; 0; 0; 0; 0; 0; 0; 0; 0; 0; 0}
jul. 27, 2019 12:13:03 A. M. monitor.GestorDeMonitor dispararTransicion
INFORMACIÓN: 120	DISPARE!		T:15Marcado: {{0.0,45.0,2.0,0.0,2.0,0.0,2.0,0.0,2.0,0.0,30.0,0.0,0.0,0.0,1.0,30.0,0.0,2.0,0.0,0.0,1.0,28.0,1.0,0.0}}	Thread-2	Sensi:{1; 0; 0; 0; 0; 0; 0; 0; 0; 0; 0; 0; 0; 1; 1; 0; 0; 0}	Colas: {0; 1; 1; 1; 1; 1; 1; 1; 1; 0; 1; 1; 1; 0; 1; 0; 0; 0}	m: {0; 0; 0; 0; 0; 0; 0; 0; 0; 0; 0; 0; 0; 0; 1; 0; 0; 0}	Politica: 14
jul. 27, 2019 12:13:03 A. M. monitor.GestorDeMonitor dispararTransicion
INFORMACIÓN: 121	DISPARE!		T:14Marcado: {{0.0,45.0,2.0,0.0,2.0,0.0,2.0,0.0,2.0,0.0,30.0,0.0,0.0,0.0,0.0,30.0,1.0,2.0,0.0,0.0,0.0,28.0,1.0,1.0}}	Thread-13	Sensi:{1; 0; 0; 0; 0; 0; 0; 0; 1; 0; 0; 0; 1; 0; 0; 0; 0; 1}	Colas: {0; 1; 1; 1; 1; 1; 1; 1; 1; 0; 1; 1; 1; 0; 0; 0; 0; 0}	m: {0; 0; 0; 0; 0; 0; 0; 0; 1; 0; 0; 0; 1; 0; 0; 0; 0; 0}	Politica: 12
jul. 27, 2019 12:13:03 A. M. monitor.GestorDeMonitor dispararTransicion
INFORMACIÓN: 122	DISPARE!		T:12Marcado: {{0.0,45.0,2.0,0.0,2.0,0.0,2.0,0.0,2.0,0.0,30.0,0.0,0.0,0.0,0.0,30.0,1.0,2.0,0.0,0.0,0.0,28.0,1.0,1.0}}	Thread-0	Sensi:{1; 0; 0; 0; 0; 0; 0; 0; 0; 1; 0; 0; 0; 0; 0; 0; 0; 1}	Colas: {0; 1; 1; 1; 1; 1; 1; 1; 1; 0; 1; 1; 0; 1; 0; 0; 0; 0}	m: {0; 0; 0; 0; 0; 0; 0; 0; 0; 0; 0; 0; 0; 0; 0; 0; 0; 0}
jul. 27, 2019 12:13:03 A. M. monitor.GestorDeMonitor dispararTransicion
INFORMACIÓN: 123	DISPARE!		T:9Marcado: {{0.0,45.0,2.0,0.0,2.0,0.0,2.0,0.0,1.0,1.0,30.0,0.0,1.0,0.0,0.0,29.0,0.0,2.0,0.0,0.0,0.0,28.0,1.0,1.0}}	Thread-0	Sensi:{1; 0; 0; 0; 1; 1; 1; 0; 0; 0; 1; 0; 0; 0; 0; 0; 0; 1}	Colas: {0; 1; 1; 1; 1; 1; 1; 1; 1; 0; 1; 1; 0; 1; 0; 0; 0; 0}	m: {0; 0; 0; 0; 1; 1; 1; 0; 0; 0; 1; 0; 0; 0; 0; 0; 0; 0}	Politica: 10
jul. 27, 2019 12:13:03 A. M. monitor.GestorDeMonitor dispararTransicion
INFORMACIÓN: 124	DISPARE!		T:10Marcado: {{0.0,45.0,2.0,0.0,2.0,0.0,2.0,0.0,1.0,1.0,30.0,0.0,0.0,1.0,0.0,29.0,1.0,2.0,0.0,0.0,0.0,28.0,1.0,1.0}}	Thread-9	Sensi:{1; 0; 0; 0; 1; 1; 1; 0; 0; 1; 0; 1; 0; 0; 0; 0; 0; 1}	Colas: {0; 1; 1; 1; 1; 1; 1; 1; 1; 0; 0; 1; 0; 1; 0; 0; 0; 0}	m: {0; 0; 0; 0; 1; 1; 1; 0; 0; 0; 0; 1; 0; 0; 0; 0; 0; 0}	Politica: 11
jul. 27, 2019 12:13:03 A. M. monitor.GestorDeMonitor dispararTransicion
INFORMACIÓN: 125	DISPARE!		T:11Marcado: {{0.0,45.0,2.0,0.0,2.0,0.0,2.0,0.0,1.0,1.0,30.0,0.0,0.0,0.0,1.0,30.0,0.0,2.0,0.0,0.0,0.0,29.0,1.0,1.0}}	Thread-10	Sensi:{1; 0; 0; 0; 1; 1; 1; 0; 0; 0; 0; 0; 0; 0; 0; 0; 0; 1}	Colas: {0; 1; 1; 1; 1; 1; 1; 1; 1; 0; 0; 0; 0; 1; 0; 0; 0; 0}	m: {0; 0; 0; 0; 1; 1; 1; 0; 0; 0; 0; 0; 0; 0; 0; 0; 0; 0}	Politica: 4
jul. 27, 2019 12:13:03 A. M. monitor.GestorDeMonitor dispararTransicion
INFORMACIÓN: 126	DISPARE!		T:4Marcado: {{0.0,45.0,1.0,1.0,2.0,0.0,2.0,0.0,2.0,0.0,30.0,0.0,0.0,0.0,1.0,30.0,0.0,2.0,0.0,0.0,0.0,28.0,1.0,1.0}}	Thread-5	Sensi:{1; 1; 0; 0; 0; 0; 0; 0; 0; 0; 0; 0; 0; 0; 0; 0; 0; 1}	Colas: {0; 1; 1; 1; 0; 1; 1; 1; 1; 0; 1; 1; 1; 1; 0; 0; 0; 0}	m: {0; 1; 0; 0; 0; 0; 0; 0; 0; 0; 0; 0; 0; 0; 0; 0; 0; 0}	Politica: 1
jul. 27, 2019 12:13:03 A. M. monitor.GestorDeMonitor dispararTransicion
INFORMACIÓN: 127	DISPARE!		T:1Marcado: {{0.0,44.0,2.0,0.0,2.0,0.0,2.0,0.0,2.0,0.0,30.0,0.0,0.0,0.0,1.0,30.0,0.0,2.0,0.0,0.0,0.0,28.0,1.0,1.0}}	Thread-1	Sensi:{1; 0; 0; 0; 0; 0; 0; 0; 0; 0; 0; 0; 0; 0; 0; 0; 0; 1}	Colas: {0; 0; 1; 1; 1; 1; 1; 1; 1; 0; 1; 1; 1; 1; 0; 0; 0; 0}	m: {0; 0; 0; 0; 0; 0; 0; 0; 0; 0; 0; 0; 0; 0; 0; 0; 0; 0}
jul. 27, 2019 12:13:05 A. M. monitor.GestorDeMonitor dispararTransicion
INFORMACIÓN: 128	DISPARE!		T:17Marcado: {{0.0,45.0,2.0,0.0,2.0,0.0,2.0,0.0,2.0,0.0,30.0,0.0,0.0,0.0,1.0,30.0,0.0,2.0,0.0,0.0,1.0,28.0,1.0,0.0}}	Thread-13	Sensi:{1; 0; 0; 0; 0; 0; 0; 0; 0; 0; 0; 0; 0; 1; 1; 0; 0; 0}	Colas: {0; 1; 1; 1; 1; 1; 1; 1; 1; 0; 1; 1; 1; 1; 0; 0; 0; 0}	m: {0; 0; 0; 0; 0; 0; 0; 0; 0; 0; 0; 0; 0; 1; 0; 0; 0; 0}	Politica: 13
jul. 27, 2019 12:13:05 A. M. monitor.GestorDeMonitor dispararTransicion
INFORMACIÓN: 129	DISPARE!		T:12Marcado: {{0.0,45.0,2.0,0.0,2.0,0.0,2.0,0.0,2.0,0.0,30.0,0.0,0.0,0.0,0.0,30.0,1.0,2.0,0.0,1.0,0.0,28.0,1.0,0.0}}	Thread-0	Sensi:{1; 0; 0; 0; 0; 0; 0; 0; 0; 1; 0; 0; 0; 0; 0; 1; 0; 0}	Colas: {0; 1; 1; 1; 1; 1; 1; 1; 1; 0; 1; 1; 0; 0; 1; 0; 0; 0}	m: {0; 0; 0; 0; 0; 0; 0; 0; 0; 0; 0; 0; 0; 0; 0; 0; 0; 0}
jul. 27, 2019 12:13:05 A. M. monitor.GestorDeMonitor dispararTransicion
INFORMACIÓN: 130	DISPARE!		T:13Marcado: {{0.0,45.0,2.0,0.0,2.0,0.0,2.0,0.0,2.0,0.0,30.0,0.0,0.0,0.0,0.0,30.0,1.0,2.0,0.0,1.0,0.0,28.0,1.0,0.0}}	Thread-2	Sensi:{1; 0; 0; 0; 0; 0; 0; 0; 1; 0; 0; 0; 1; 0; 0; 1; 0; 0}	Colas: {0; 1; 1; 1; 1; 1; 1; 1; 1; 0; 1; 1; 1; 0; 0; 0; 0; 0}	m: {0; 0; 0; 0; 0; 0; 0; 0; 1; 0; 0; 0; 1; 0; 0; 0; 0; 0}	Politica: 12
jul. 27, 2019 12:13:05 A. M. monitor.GestorDeMonitor dispararTransicion
INFORMACIÓN: 131	DISPARE!		T:9Marcado: {{0.0,45.0,2.0,0.0,2.0,0.0,2.0,0.0,1.0,1.0,30.0,0.0,1.0,0.0,0.0,29.0,0.0,2.0,0.0,1.0,0.0,28.0,1.0,0.0}}	Thread-0	Sensi:{1; 0; 0; 0; 1; 1; 1; 0; 0; 0; 1; 0; 0; 0; 0; 1; 0; 0}	Colas: {0; 1; 1; 1; 1; 1; 1; 1; 1; 0; 1; 1; 0; 0; 1; 0; 0; 0}	m: {0; 0; 0; 0; 1; 1; 1; 0; 0; 0; 1; 0; 0; 0; 0; 0; 0; 0}	Politica: 10
jul. 27, 2019 12:13:05 A. M. monitor.GestorDeMonitor dispararTransicion
INFORMACIÓN: 132	DISPARE!		T:10Marcado: {{0.0,45.0,2.0,0.0,2.0,0.0,2.0,0.0,1.0,1.0,30.0,0.0,0.0,1.0,0.0,29.0,1.0,2.0,0.0,1.0,0.0,28.0,1.0,0.0}}	Thread-9	Sensi:{1; 0; 0; 0; 1; 1; 1; 0; 0; 1; 0; 1; 0; 0; 0; 1; 0; 0}	Colas: {0; 1; 1; 1; 1; 1; 1; 1; 1; 0; 0; 1; 0; 0; 1; 0; 0; 0}	m: {0; 0; 0; 0; 1; 1; 1; 0; 0; 0; 0; 1; 0; 0; 0; 0; 0; 0}	Politica: 11
jul. 27, 2019 12:13:05 A. M. monitor.GestorDeMonitor dispararTransicion
INFORMACIÓN: 133	DISPARE!		T:4Marcado: {{0.0,45.0,1.0,1.0,2.0,0.0,2.0,0.0,2.0,0.0,30.0,0.0,0.0,0.0,1.0,30.0,0.0,2.0,0.0,1.0,0.0,28.0,1.0,0.0}}	Thread-5	Sensi:{1; 1; 0; 0; 0; 0; 0; 0; 0; 0; 0; 0; 0; 0; 0; 1; 0; 0}	Colas: {0; 1; 1; 1; 0; 1; 1; 1; 1; 0; 1; 0; 1; 0; 1; 0; 0; 0}	m: {0; 1; 0; 0; 0; 0; 0; 0; 0; 0; 0; 0; 0; 0; 0; 0; 0; 0}	Politica: 1
jul. 27, 2019 12:13:05 A. M. monitor.GestorDeMonitor dispararTransicion
INFORMACIÓN: 134	DISPARE!		T:11Marcado: {{0.0,44.0,2.0,0.0,2.0,0.0,2.0,0.0,2.0,0.0,30.0,0.0,0.0,0.0,1.0,30.0,0.0,2.0,0.0,1.0,0.0,28.0,1.0,0.0}}	Thread-10	Sensi:{1; 0; 0; 0; 1; 1; 1; 0; 0; 0; 0; 0; 0; 0; 0; 1; 0; 0}	Colas: {0; 1; 1; 1; 1; 1; 1; 1; 1; 0; 0; 0; 1; 0; 1; 0; 0; 0}	m: {0; 0; 0; 0; 1; 1; 1; 0; 0; 0; 0; 0; 0; 0; 0; 0; 0; 0}	Politica: 4
jul. 27, 2019 12:13:05 A. M. monitor.GestorDeMonitor dispararTransicion
INFORMACIÓN: 135	DISPARE!		T:1Marcado: {{0.0,44.0,2.0,0.0,2.0,0.0,2.0,0.0,2.0,0.0,30.0,0.0,0.0,0.0,1.0,30.0,0.0,2.0,0.0,1.0,0.0,28.0,1.0,0.0}}	Thread-1	Sensi:{1; 0; 0; 0; 0; 0; 0; 0; 0; 0; 0; 0; 0; 0; 0; 1; 0; 0}	Colas: {0; 0; 1; 1; 0; 1; 1; 1; 1; 0; 1; 0; 1; 0; 1; 0; 0; 0}	m: {0; 0; 0; 0; 0; 0; 0; 0; 0; 0; 0; 0; 0; 0; 0; 0; 0; 0}
jul. 27, 2019 12:13:07 A. M. monitor.GestorDeMonitor dispararTransicion
INFORMACIÓN: 136	DISPARE!		T:15Marcado: {{0.0,45.0,2.0,0.0,2.0,0.0,2.0,0.0,2.0,0.0,30.0,0.0,0.0,0.0,1.0,30.0,0.0,2.0,0.0,0.0,1.0,28.0,1.0,0.0}}	Thread-2	Sensi:{1; 0; 0; 0; 0; 0; 0; 0; 0; 0; 0; 0; 0; 1; 1; 0; 0; 0}	Colas: {0; 1; 1; 1; 1; 1; 1; 1; 1; 0; 1; 1; 1; 0; 1; 0; 0; 0}	m: {0; 0; 0; 0; 0; 0; 0; 0; 0; 0; 0; 0; 0; 0; 1; 0; 0; 0}	Politica: 14
jul. 27, 2019 12:13:07 A. M. monitor.GestorDeMonitor dispararTransicion
INFORMACIÓN: 137	DISPARE!		T:14Marcado: {{0.0,45.0,2.0,0.0,2.0,0.0,2.0,0.0,2.0,0.0,30.0,0.0,0.0,0.0,1.0,30.0,0.0,1.0,1.0,0.0,0.0,28.0,1.0,1.0}}	Thread-13	Sensi:{1; 0; 0; 0; 0; 0; 0; 0; 1; 0; 0; 0; 1; 0; 0; 0; 0; 1}	Colas: {0; 1; 1; 1; 1; 1; 1; 1; 1; 0; 1; 1; 1; 1; 0; 0; 0; 0}	m: {0; 0; 0; 0; 0; 0; 0; 0; 1; 0; 0; 0; 1; 0; 0; 0; 0; 0}	Politica: 12
jul. 27, 2019 12:13:07 A. M. monitor.GestorDeMonitor dispararTransicion
INFORMACIÓN: 138	DISPARE!		T:12Marcado: {{0.0,45.0,2.0,0.0,2.0,0.0,2.0,0.0,2.0,0.0,30.0,0.0,0.0,0.0,0.0,30.0,1.0,2.0,0.0,0.0,0.0,28.0,1.0,1.0}}	Thread-0	Sensi:{1; 0; 0; 0; 0; 0; 0; 0; 0; 1; 0; 0; 0; 0; 0; 0; 0; 1}	Colas: {0; 1; 1; 1; 1; 1; 1; 1; 1; 0; 1; 1; 0; 1; 0; 0; 0; 0}	m: {0; 0; 0; 0; 0; 0; 0; 0; 0; 0; 0; 0; 0; 0; 0; 0; 0; 0}
